0.0	0.5276274443635185	0.8494758854460922
0.0	0.40553805976615753	0.9140781597221873
0.1304903389914901	0.48630186157705846	0.8639923442117838
0.0	0.2572368941679529	0.9663483741792218
0.1400116620003581	0.34785682168502596	0.9270341774234052
0.27573652072593924	0.4281644665872867	0.8606070884497627
0.0	0.0883843379381607	0.9960864464529336
0.14683288720177742	0.18240202541383863	0.972198335917584
0.2934908637461366	0.27344007705603557	0.9160205440693653
0.4261789520549887	0.3529450180860035	0.8329473663044876
0.0	-0.08838433793816067	0.9960864464529336
0.14933817941533925	5.123387822686757e-17	0.9887861791959432
0.30375856278173535	0.09433543490166167	0.9480672767576618
0.4476007030670118	0.18534284421783326	0.8748152037494322
0.5682386027399849	0.2647087635645027	0.7791239701409922
0.0	-0.2572368941679529	0.9663483741792218
0.14683288720177742	-0.18240202541383868	0.972198335917584
0.3037585627817354	-0.09433543490166164	0.9480672767576618
0.4554926050656998	-3.472603478827274e-17	0.8902395670438731
0.5868070510743104	0.09111956854732846	0.8045835624950466
0.6893413018148481	0.17126578663491468	0.7039009873132259
0.0	-0.4055380597661575	0.9140781597221873
0.14001166200035808	-0.34785682168502585	0.9270341774234052
0.2934908637461366	-0.27344007705603557	0.9160205440693653
0.44760070306701183	-0.1853428442178332	0.8748152037494323
0.5868070510743103	-0.09111956854732844	0.8045835624950466
0.6996791573431584	6.401091694129249e-17	0.7144571903057367
0.7829420339489407	0.08105031026284311	0.6167922005685486
0.0	-0.5276274443635185	0.8494758854460922
0.1304903389914901	-0.48630186157705846	0.8639923442117838
0.27573652072593924	-0.4281644665872867	0.8606070884497627
0.4261789520549887	-0.3529450180860035	0.8329473663044876
0.5682386027399849	-0.2647087635645027	0.7791239701409922
0.6893413018148481	-0.17126578663491468	0.7039009873132259
0.7829420339489407	-0.08105031026284311	0.6167922005685486
0.8494758854460922	0.0	0.5276274443635185
-0.1304903389914901	0.48630186157705846	0.8639923442117838
-0.1400116620003581	0.34785682168502596	0.9270341774234052
-0.27573652072593924	0.4281644665872867	0.8606070884497627
-0.14683288720177742	0.18240202541383863	0.972198335917584
-0.2934908637461366	0.27344007705603557	0.9160205440693653
-0.4261789520549887	0.3529450180860035	0.8329473663044876
-0.14933817941533925	5.123387822686757e-17	0.9887861791959432
-0.30375856278173535	0.09433543490166167	0.9480672767576618
-0.4476007030670118	0.18534284421783326	0.8748152037494322
-0.5682386027399849	0.2647087635645027	0.7791239701409922
-0.14683288720177742	-0.18240202541383868	0.972198335917584
-0.3037585627817354	-0.09433543490166164	0.9480672767576618
-0.4554926050656998	-3.472603478827274e-17	0.8902395670438731
-0.5868070510743104	0.09111956854732846	0.8045835624950466
-0.6893413018148481	0.17126578663491468	0.7039009873132259
-0.14001166200035808	-0.34785682168502585	0.9270341774234052
-0.2934908637461366	-0.27344007705603557	0.9160205440693653
-0.44760070306701183	-0.1853428442178332	0.8748152037494323
-0.5868070510743103	-0.09111956854732844	0.8045835624950466
-0.6996791573431584	6.401091694129249e-17	0.7144571903057367
-0.7829420339489407	0.08105031026284311	0.6167922005685486
-0.1304903389914901	-0.48630186157705846	0.8639923442117838
-0.27573652072593924	-0.4281644665872867	0.8606070884497627
-0.4261789520549887	-0.3529450180860035	0.8329473663044876
-0.5682386027399849	-0.2647087635645027	0.7791239701409922
-0.6893413018148481	-0.17126578663491468	0.7039009873132259
-0.7829420339489407	-0.08105031026284311	0.6167922005685486
-0.8494758854460922	0.0	0.5276274443635185
0.08105031026284307	0.6167922005685486	0.7829420339489408
-0.08105031026284307	0.6167922005685486	0.7829420339489408
0.17126578663491468	0.7039009873132259	0.6893413018148481
0.0	0.7144571903057367	0.6996791573431584
-0.17126578663491468	0.7039009873132259	0.6893413018148481
0.2647087635645026	0.7791239701409922	0.5682386027399849
0.0911195685473285	0.8045835624950466	0.5868070510743103
-0.09111956854732844	0.8045835624950466	0.5868070510743103
-0.2647087635645026	0.7791239701409922	0.5682386027399849
0.3529450180860035	0.8329473663044876	0.4261789520549888
0.18534284421783323	0.8748152037494322	0.44760070306701183
0.0	0.8902395670438731	0.4554926050656998
-0.18534284421783323	0.8748152037494322	0.44760070306701183
-0.3529450180860035	0.8329473663044876	0.4261789520549888
0.4281644665872867	0.8606070884497627	0.27573652072593924
0.27344007705603557	0.9160205440693652	0.2934908637461366
0.0943354349016616	0.9480672767576618	0.30375856278173535
-0.0943354349016616	0.9480672767576618	0.30375856278173535
-0.2734400770560356	0.9160205440693652	0.2934908637461366
-0.4281644665872867	0.8606070884497627	0.27573652072593924
0.4863018615770584	0.8639923442117838	0.13049033899149018
0.34785682168502596	0.9270341774234052	0.14001166200035817
0.1824020254138387	0.9721983359175841	0.14683288720177748
0.0	0.9887861791959432	0.1493381794153393
-0.1824020254138386	0.972198335917584	0.14683288720177748
-0.34785682168502596	0.9270341774234052	0.14001166200035817
-0.4863018615770584	0.8639923442117838	0.13049033899149018
0.5276274443635185	0.8494758854460922	0.0
0.40553805976615753	0.9140781597221873	0.0
0.2572368941679529	0.9663483741792218	0.0
0.0883843379381607	0.9960864464529336	0.0
-0.08838433793816067	0.9960864464529336	0.0
-0.2572368941679529	0.9663483741792218	0.0
-0.4055380597661575	0.9140781597221873	0.0
-0.5276274443635185	0.8494758854460922	0.0
-0.2268222355188958	0.5744436052768237	0.7864898078365512
-0.32884307051274825	0.6576861410254966	0.6777249994494361
-0.3844087341962579	0.5110280083989074	0.7688174683925157
-0.4270174172778701	0.7252802273184521	0.5400228858133993
-0.4919589819940655	0.5862042919800249	0.6436931630051391
-0.5400228858133993	0.4270174172778702	0.7252802273184521
-0.5110280083989075	0.7688174683925157	0.3844087341962579
-0.5862042919800249	0.6436931630051389	0.49195898199406557
-0.6436931630051391	0.49195898199406557	0.5862042919800248
-0.6777249994494362	0.3288430705127483	0.6576861410254966
-0.5744436052768237	0.7864898078365512	0.22682223551889585
-0.6576861410254965	0.6777249994494363	0.3288430705127483
-0.7252802273184521	0.5400228858133993	0.4270174172778702
-0.7688174683925157	0.384408734196258	0.5110280083989074
-0.7864898078365512	0.22682223551889583	0.5744436052768237
-0.6167922005685486	0.7829420339489408	0.08105031026284307
-0.7039009873132259	0.6893413018148481	0.17126578663491468
-0.7791239701409922	0.5682386027399849	0.2647087635645026
-0.8329473663044876	0.4261789520549888	0.3529450180860035
-0.8606070884497627	0.27573652072593924	0.4281644665872867
-0.8639923442117838	0.13049033899149018	0.4863018615770584
0.0	0.5276274443635185	-0.8494758854460922
0.08105031026284307	0.6167922005685486	-0.7829420339489408
-0.08105031026284307	0.6167922005685486	-0.7829420339489408
0.17126578663491468	0.7039009873132259	-0.6893413018148481
0.0	0.7144571903057367	-0.6996791573431584
-0.17126578663491468	0.7039009873132259	-0.6893413018148481
0.2647087635645026	0.7791239701409922	-0.5682386027399849
0.0911195685473285	0.8045835624950466	-0.5868070510743103
-0.09111956854732844	0.8045835624950466	-0.5868070510743103
-0.2647087635645026	0.7791239701409922	-0.5682386027399849
0.3529450180860035	0.8329473663044876	-0.4261789520549888
0.18534284421783323	0.8748152037494322	-0.44760070306701183
0.0	0.8902395670438731	-0.4554926050656998
-0.18534284421783323	0.8748152037494322	-0.44760070306701183
-0.3529450180860035	0.8329473663044876	-0.4261789520549888
0.4281644665872867	0.8606070884497627	-0.27573652072593924
0.27344007705603557	0.9160205440693652	-0.2934908637461366
0.0943354349016616	0.9480672767576618	-0.30375856278173535
-0.0943354349016616	0.9480672767576618	-0.30375856278173535
-0.2734400770560356	0.9160205440693652	-0.2934908637461366
-0.4281644665872867	0.8606070884497627	-0.27573652072593924
0.4863018615770584	0.8639923442117838	-0.13049033899149018
0.34785682168502596	0.9270341774234052	-0.14001166200035817
0.1824020254138387	0.9721983359175841	-0.14683288720177748
0.0	0.9887861791959432	-0.1493381794153393
-0.1824020254138386	0.972198335917584	-0.14683288720177748
-0.34785682168502596	0.9270341774234052	-0.14001166200035817
-0.4863018615770584	0.8639923442117838	-0.13049033899149018
-0.1304903389914901	0.48630186157705846	-0.8639923442117838
-0.27573652072593924	0.4281644665872867	-0.8606070884497627
-0.2268222355188958	0.5744436052768237	-0.7864898078365512
-0.4261789520549887	0.3529450180860035	-0.8329473663044876
-0.3844087341962579	0.5110280083989074	-0.7688174683925157
-0.3288430705127483	0.6576861410254966	-0.6777249994494361
-0.5682386027399849	0.2647087635645027	-0.7791239701409922
-0.5400228858133993	0.4270174172778702	-0.7252802273184521
-0.4919589819940655	0.5862042919800249	-0.6436931630051391
-0.4270174172778701	0.7252802273184521	-0.5400228858133993
-0.6893413018148481	0.17126578663491468	-0.7039009873132259
-0.6777249994494362	0.3288430705127483	-0.6576861410254966
-0.6436931630051391	0.49195898199406557	-0.5862042919800248
-0.5862042919800249	0.6436931630051389	-0.49195898199406557
-0.5110280083989074	0.7688174683925157	-0.3844087341962579
-0.7829420339489407	0.08105031026284311	-0.6167922005685486
-0.7864898078365513	0.22682223551889585	-0.5744436052768237
-0.7688174683925157	0.38440873419625793	-0.5110280083989075
-0.7252802273184521	0.5400228858133993	-0.4270174172778702
-0.6576861410254966	0.6777249994494362	-0.32884307051274836
-0.5744436052768237	0.7864898078365512	-0.22682223551889583
-0.8494758854460922	0.0	-0.5276274443635185
-0.8639923442117838	0.1304903389914901	-0.48630186157705846
-0.8606070884497627	0.27573652072593924	-0.4281644665872867
-0.8329473663044876	0.4261789520549887	-0.3529450180860035
-0.7791239701409922	0.5682386027399849	-0.2647087635645027
-0.7039009873132259	0.6893413018148481	-0.17126578663491468
-0.6167922005685486	0.7829420339489407	-0.08105031026284311
0.1304903389914901	0.48630186157705846	-0.8639923442117838
0.2268222355188958	0.5744436052768237	-0.7864898078365512
0.27573652072593924	0.4281644665872867	-0.8606070884497627
0.32884307051274825	0.6576861410254966	-0.6777249994494361
0.3844087341962579	0.5110280083989074	-0.7688174683925157
0.4261789520549887	0.3529450180860035	-0.8329473663044876
0.4270174172778701	0.7252802273184521	-0.5400228858133993
0.4919589819940655	0.5862042919800249	-0.6436931630051391
0.5400228858133993	0.4270174172778702	-0.7252802273184521
0.5682386027399849	0.2647087635645027	-0.7791239701409922
0.5110280083989075	0.7688174683925157	-0.3844087341962579
0.5862042919800249	0.6436931630051389	-0.49195898199406557
0.6436931630051391	0.49195898199406557	-0.5862042919800248
0.6777249994494362	0.3288430705127483	-0.6576861410254966
0.6893413018148481	0.17126578663491468	-0.7039009873132259
0.5744436052768237	0.7864898078365512	-0.22682223551889585
0.6576861410254965	0.6777249994494363	-0.3288430705127483
0.7252802273184521	0.5400228858133993	-0.4270174172778702
0.7688174683925157	0.384408734196258	-0.5110280083989074
0.7864898078365512	0.22682223551889583	-0.5744436052768237
0.7829420339489407	0.08105031026284311	-0.6167922005685486
0.6167922005685486	0.7829420339489408	-0.08105031026284307
0.7039009873132259	0.6893413018148481	-0.17126578663491468
0.7791239701409922	0.5682386027399849	-0.2647087635645026
0.8329473663044876	0.4261789520549888	-0.3529450180860035
0.8606070884497627	0.27573652072593924	-0.4281644665872867
0.8639923442117838	0.13049033899149018	-0.4863018615770584
0.8494758854460922	0.0	-0.5276274443635185
0.0	0.40553805976615753	-0.9140781597221873
0.0	0.2572368941679529	-0.9663483741792218
0.1400116620003581	0.34785682168502596	-0.9270341774234052
0.0	0.0883843379381607	-0.9960864464529336
0.14683288720177742	0.18240202541383863	-0.972198335917584
0.2934908637461366	0.27344007705603557	-0.9160205440693653
0.0	-0.08838433793816067	-0.9960864464529336
0.14933817941533925	5.123387822686757e-17	-0.9887861791959432
0.30375856278173535	0.09433543490166167	-0.9480672767576618
0.4476007030670118	0.18534284421783326	-0.8748152037494322
0.0	-0.2572368941679529	-0.9663483741792218
0.14683288720177742	-0.18240202541383868	-0.972198335917584
0.3037585627817354	-0.09433543490166164	-0.9480672767576618
0.4554926050656998	-3.472603478827274e-17	-0.8902395670438731
0.5868070510743104	0.09111956854732846	-0.8045835624950466
0.0	-0.4055380597661575	-0.9140781597221873
0.14001166200035808	-0.34785682168502585	-0.9270341774234052
0.2934908637461366	-0.27344007705603557	-0.9160205440693653
0.44760070306701183	-0.1853428442178332	-0.8748152037494323
0.5868070510743103	-0.09111956854732844	-0.8045835624950466
0.6996791573431584	6.401091694129249e-17	-0.7144571903057367
0.0	-0.5276274443635185	-0.8494758854460922
0.1304903389914901	-0.48630186157705846	-0.8639923442117838
0.27573652072593924	-0.4281644665872867	-0.8606070884497627
0.4261789520549887	-0.3529450180860035	-0.8329473663044876
0.5682386027399849	-0.2647087635645027	-0.7791239701409922
0.6893413018148481	-0.17126578663491468	-0.7039009873132259
0.7829420339489407	-0.08105031026284311	-0.6167922005685486
-0.1400116620003581	0.34785682168502596	-0.9270341774234052
-0.14683288720177742	0.18240202541383863	-0.972198335917584
-0.2934908637461366	0.27344007705603557	-0.9160205440693653
-0.14933817941533925	5.123387822686757e-17	-0.9887861791959432
-0.30375856278173535	0.09433543490166167	-0.9480672767576618
-0.4476007030670118	0.18534284421783326	-0.8748152037494322
-0.14683288720177742	-0.18240202541383868	-0.972198335917584
-0.3037585627817354	-0.09433543490166164	-0.9480672767576618
-0.4554926050656998	-3.472603478827274e-17	-0.8902395670438731
-0.5868070510743104	0.09111956854732846	-0.8045835624950466
-0.14001166200035808	-0.34785682168502585	-0.9270341774234052
-0.2934908637461366	-0.27344007705603557	-0.9160205440693653
-0.44760070306701183	-0.1853428442178332	-0.8748152037494323
-0.5868070510743103	-0.09111956854732844	-0.8045835624950466
-0.6996791573431584	6.401091694129249e-17	-0.7144571903057367
-0.1304903389914901	-0.48630186157705846	-0.8639923442117838
-0.27573652072593924	-0.4281644665872867	-0.8606070884497627
-0.4261789520549887	-0.3529450180860035	-0.8329473663044876
-0.5682386027399849	-0.2647087635645027	-0.7791239701409922
-0.6893413018148481	-0.17126578663491468	-0.7039009873132259
-0.7829420339489407	-0.08105031026284311	-0.6167922005685486
-0.8639923442117838	-0.1304903389914901	0.48630186157705846
-0.9140781597221873	0.0	0.40553805976615753
-0.8606070884497627	-0.27573652072593924	0.4281644665872867
-0.9270341774234052	-0.1400116620003581	0.34785682168502596
-0.9663483741792218	0.0	0.2572368941679529
-0.8329473663044876	-0.4261789520549887	0.3529450180860035
-0.9160205440693652	-0.2934908637461366	0.27344007705603557
-0.972198335917584	-0.14683288720177745	0.18240202541383863
-0.9960864464529336	0.0	0.0883843379381607
-0.7791239701409922	-0.5682386027399849	0.2647087635645027
-0.8748152037494322	-0.4476007030670118	0.18534284421783326
-0.9480672767576618	-0.30375856278173535	0.09433543490166167
-0.9887861791959432	-0.14933817941533925	5.123387822686757e-17
-0.9960864464529336	0.0	-0.08838433793816067
-0.7039009873132259	-0.6893413018148481	0.17126578663491468
-0.8045835624950466	-0.5868070510743104	0.09111956854732844
-0.8902395670438731	-0.4554926050656998	-3.472603478827274e-17
-0.9480672767576618	-0.3037585627817354	-0.09433543490166164
-0.972198335917584	-0.1468328872017774	-0.1824020254138387
-0.9663483741792218	0.0	-0.2572368941679529
-0.6167922005685486	-0.7829420339489407	0.08105031026284311
-0.7144571903057367	-0.6996791573431584	6.401091694129249e-17
-0.8045835624950466	-0.5868070510743103	-0.09111956854732839
-0.8748152037494322	-0.4476007030670118	-0.18534284421783317
-0.9160205440693653	-0.29349086374613664	-0.27344007705603546
-0.9270341774234052	-0.14001166200035808	-0.3478568216850259
-0.9140781597221873	0.0	-0.4055380597661575
-0.5276274443635185	-0.8494758854460922	0.0
-0.6167922005685486	-0.7829420339489408	-0.08105031026284307
-0.7039009873132259	-0.6893413018148481	-0.17126578663491468
-0.7791239701409922	-0.5682386027399849	-0.2647087635645026
-0.8329473663044876	-0.4261789520549888	-0.3529450180860035
-0.8606070884497627	-0.27573652072593924	-0.4281644665872867
-0.8639923442117838	-0.13049033899149018	-0.4863018615770584
-0.08105031026284307	-0.6167922005685486	-0.7829420339489408
-0.17126578663491468	-0.7039009873132259	-0.6893413018148481
-0.2268222355188958	-0.5744436052768237	-0.7864898078365512
-0.2647087635645026	-0.7791239701409922	-0.5682386027399849
-0.32884307051274825	-0.6576861410254966	-0.6777249994494361
-0.3844087341962579	-0.5110280083989074	-0.7688174683925157
-0.3529450180860035	-0.8329473663044876	-0.4261789520549888
-0.4270174172778701	-0.7252802273184521	-0.5400228858133993
-0.4919589819940655	-0.5862042919800249	-0.6436931630051391
-0.5400228858133993	-0.4270174172778702	-0.7252802273184521
-0.4281644665872867	-0.8606070884497627	-0.27573652072593924
-0.5110280083989075	-0.7688174683925157	-0.3844087341962579
-0.5862042919800249	-0.6436931630051389	-0.49195898199406557
-0.6436931630051391	-0.49195898199406557	-0.5862042919800248
-0.6777249994494362	-0.3288430705127483	-0.6576861410254966
-0.4863018615770584	-0.8639923442117838	-0.13049033899149018
-0.5744436052768237	-0.7864898078365512	-0.22682223551889585
-0.6576861410254965	-0.6777249994494363	-0.3288430705127483
-0.7252802273184521	-0.5400228858133993	-0.4270174172778702
-0.7688174683925157	-0.384408734196258	-0.5110280083989074
-0.7864898078365512	-0.22682223551889583	-0.5744436052768237
0.08105031026284307	-0.6167922005685486	-0.7829420339489408
0.0	-0.7144571903057367	-0.6996791573431584
0.17126578663491468	-0.7039009873132259	-0.6893413018148481
-0.0911195685473285	-0.8045835624950466	-0.5868070510743103
0.09111956854732844	-0.8045835624950466	-0.5868070510743103
0.2647087635645026	-0.7791239701409922	-0.5682386027399849
-0.18534284421783323	-0.8748152037494322	-0.44760070306701183
0.0	-0.8902395670438731	-0.4554926050656998
0.18534284421783323	-0.8748152037494322	-0.44760070306701183
0.3529450180860035	-0.8329473663044876	-0.4261789520549888
-0.27344007705603557	-0.9160205440693652	-0.2934908637461366
-0.0943354349016616	-0.9480672767576618	-0.30375856278173535
0.0943354349016616	-0.9480672767576618	-0.30375856278173535
0.2734400770560356	-0.9160205440693652	-0.2934908637461366
0.4281644665872867	-0.8606070884497627	-0.27573652072593924
-0.34785682168502596	-0.9270341774234052	-0.14001166200035817
-0.1824020254138387	-0.9721983359175841	-0.14683288720177748
0.0	-0.9887861791959432	-0.1493381794153393
0.1824020254138386	-0.972198335917584	-0.14683288720177748
0.34785682168502596	-0.9270341774234052	-0.14001166200035817
0.4863018615770584	-0.8639923442117838	-0.13049033899149018
-0.40553805976615753	-0.9140781597221873	0.0
-0.2572368941679529	-0.9663483741792218	0.0
-0.0883843379381607	-0.9960864464529336	0.0
0.08838433793816067	-0.9960864464529336	0.0
0.2572368941679529	-0.9663483741792218	0.0
0.4055380597661575	-0.9140781597221873	0.0
0.5276274443635185	-0.8494758854460922	0.0
0.2268222355188958	-0.5744436052768237	-0.7864898078365512
0.32884307051274825	-0.6576861410254966	-0.6777249994494361
0.3844087341962579	-0.5110280083989074	-0.7688174683925157
0.4270174172778701	-0.7252802273184521	-0.5400228858133993
0.4919589819940655	-0.5862042919800249	-0.6436931630051391
0.5400228858133993	-0.4270174172778702	-0.7252802273184521
0.5110280083989075	-0.7688174683925157	-0.3844087341962579
0.5862042919800249	-0.6436931630051389	-0.49195898199406557
0.6436931630051391	-0.49195898199406557	-0.5862042919800248
0.6777249994494362	-0.3288430705127483	-0.6576861410254966
0.5744436052768237	-0.7864898078365512	-0.22682223551889585
0.6576861410254965	-0.6777249994494363	-0.3288430705127483
0.7252802273184521	-0.5400228858133993	-0.4270174172778702
0.7688174683925157	-0.384408734196258	-0.5110280083989074
0.7864898078365512	-0.22682223551889583	-0.5744436052768237
0.6167922005685486	-0.7829420339489408	-0.08105031026284307
0.7039009873132259	-0.6893413018148481	-0.17126578663491468
0.7791239701409922	-0.5682386027399849	-0.2647087635645026
0.8329473663044876	-0.4261789520549888	-0.3529450180860035
0.8606070884497627	-0.27573652072593924	-0.4281644665872867
0.8639923442117838	-0.13049033899149018	-0.4863018615770584
0.6167922005685486	-0.7829420339489408	0.08105031026284307
0.7144571903057367	-0.6996791573431584	0.0
0.7039009873132259	-0.6893413018148481	0.17126578663491468
0.8045835624950466	-0.5868070510743103	-0.0911195685473285
0.8045835624950466	-0.5868070510743103	0.09111956854732844
0.7791239701409922	-0.5682386027399849	0.2647087635645026
0.8748152037494322	-0.44760070306701183	-0.18534284421783323
0.8902395670438731	-0.4554926050656998	0.0
0.8748152037494322	-0.44760070306701183	0.18534284421783323
0.8329473663044876	-0.4261789520549888	0.3529450180860035
0.9160205440693652	-0.2934908637461366	-0.27344007705603557
0.9480672767576618	-0.30375856278173535	-0.0943354349016616
0.9480672767576618	-0.30375856278173535	0.0943354349016616
0.9160205440693652	-0.2934908637461366	0.2734400770560356
0.8606070884497627	-0.27573652072593924	0.4281644665872867
0.9270341774234052	-0.14001166200035817	-0.34785682168502596
0.9721983359175841	-0.14683288720177748	-0.1824020254138387
0.9887861791959432	-0.1493381794153393	0.0
0.972198335917584	-0.14683288720177748	0.1824020254138386
0.9270341774234052	-0.14001166200035817	0.34785682168502596
0.8639923442117838	-0.13049033899149018	0.4863018615770584
0.9140781597221873	0.0	-0.40553805976615753
0.9663483741792218	0.0	-0.2572368941679529
0.9960864464529336	0.0	-0.0883843379381607
0.9960864464529336	0.0	0.08838433793816067
0.9663483741792218	0.0	0.2572368941679529
0.9140781597221873	0.0	0.4055380597661575
0.6167922005685486	0.7829420339489408	0.08105031026284307
0.7144571903057367	0.6996791573431584	0.0
0.7039009873132259	0.6893413018148481	0.17126578663491468
0.8045835624950466	0.5868070510743103	-0.0911195685473285
0.8045835624950466	0.5868070510743103	0.09111956854732844
0.7791239701409922	0.5682386027399849	0.2647087635645026
0.8748152037494322	0.44760070306701183	-0.18534284421783323
0.8902395670438731	0.4554926050656998	0.0
0.8748152037494322	0.44760070306701183	0.18534284421783323
0.8329473663044876	0.4261789520549888	0.3529450180860035
0.9160205440693652	0.2934908637461366	-0.27344007705603557
0.9480672767576618	0.30375856278173535	-0.0943354349016616
0.9480672767576618	0.30375856278173535	0.0943354349016616
0.9160205440693652	0.2934908637461366	0.2734400770560356
0.8606070884497627	0.27573652072593924	0.4281644665872867
0.9270341774234052	0.14001166200035817	-0.34785682168502596
0.9721983359175841	0.14683288720177748	-0.1824020254138387
0.9887861791959432	0.1493381794153393	0.0
0.972198335917584	0.14683288720177748	0.1824020254138386
0.9270341774234052	0.14001166200035817	0.34785682168502596
0.8639923442117838	0.13049033899149018	0.4863018615770584
0.2268222355188958	0.5744436052768237	0.7864898078365512
0.3844087341962579	0.5110280083989074	0.7688174683925157
0.3288430705127483	0.6576861410254966	0.6777249994494361
0.5400228858133993	0.4270174172778702	0.7252802273184521
0.4919589819940655	0.5862042919800249	0.6436931630051391
0.4270174172778701	0.7252802273184521	0.5400228858133993
0.6777249994494362	0.3288430705127483	0.6576861410254966
0.6436931630051391	0.49195898199406557	0.5862042919800248
0.5862042919800249	0.6436931630051389	0.49195898199406557
0.5110280083989074	0.7688174683925157	0.3844087341962579
0.7864898078365513	0.22682223551889585	0.5744436052768237
0.7688174683925157	0.38440873419625793	0.5110280083989075
0.7252802273184521	0.5400228858133993	0.4270174172778702
0.6576861410254966	0.6777249994494362	0.32884307051274836
0.5744436052768237	0.7864898078365512	0.22682223551889583
-0.7144571903057367	0.6996791573431584	0.0
-0.8045835624950466	0.5868070510743103	0.0911195685473285
-0.8045835624950466	0.5868070510743103	-0.09111956854732844
-0.8748152037494322	0.44760070306701183	0.18534284421783323
-0.8902395670438731	0.4554926050656998	0.0
-0.8748152037494322	0.44760070306701183	-0.18534284421783323
-0.9160205440693652	0.2934908637461366	0.27344007705603557
-0.9480672767576618	0.30375856278173535	0.0943354349016616
-0.9480672767576618	0.30375856278173535	-0.0943354349016616
-0.9160205440693652	0.2934908637461366	-0.2734400770560356
-0.9270341774234052	0.14001166200035817	0.34785682168502596
-0.9721983359175841	0.14683288720177748	0.1824020254138387
-0.9887861791959432	0.1493381794153393	0.0
-0.972198335917584	0.14683288720177748	-0.1824020254138386
-0.9270341774234052	0.14001166200035817	-0.34785682168502596
0.08105031026284307	-0.6167922005685486	0.7829420339489408
0.2268222355188958	-0.5744436052768237	0.7864898078365512
0.17126578663491468	-0.7039009873132259	0.6893413018148481
0.3844087341962579	-0.5110280083989074	0.7688174683925157
0.3288430705127483	-0.6576861410254966	0.6777249994494361
0.2647087635645026	-0.7791239701409922	0.5682386027399849
0.5400228858133993	-0.4270174172778702	0.7252802273184521
0.4919589819940655	-0.5862042919800249	0.6436931630051391
0.4270174172778701	-0.7252802273184521	0.5400228858133993
0.3529450180860035	-0.8329473663044876	0.4261789520549888
0.6777249994494362	-0.3288430705127483	0.6576861410254966
0.6436931630051391	-0.49195898199406557	0.5862042919800248
0.5862042919800249	-0.6436931630051389	0.49195898199406557
0.5110280083989074	-0.7688174683925157	0.3844087341962579
0.4281644665872867	-0.8606070884497627	0.27573652072593924
0.7864898078365513	-0.22682223551889585	0.5744436052768237
0.7688174683925157	-0.38440873419625793	0.5110280083989075
0.7252802273184521	-0.5400228858133993	0.4270174172778702
0.6576861410254966	-0.6777249994494362	0.32884307051274836
0.5744436052768237	-0.7864898078365512	0.22682223551889583
0.4863018615770584	-0.8639923442117838	0.13049033899149018
-0.08105031026284307	-0.6167922005685486	0.7829420339489408
-0.17126578663491468	-0.7039009873132259	0.6893413018148481
0.0	-0.7144571903057367	0.6996791573431584
-0.2647087635645026	-0.7791239701409922	0.5682386027399849
-0.0911195685473285	-0.8045835624950466	0.5868070510743103
0.09111956854732844	-0.8045835624950466	0.5868070510743103
-0.3529450180860035	-0.8329473663044876	0.4261789520549888
-0.18534284421783323	-0.8748152037494322	0.44760070306701183
0.0	-0.8902395670438731	0.4554926050656998
0.18534284421783323	-0.8748152037494322	0.44760070306701183
-0.4281644665872867	-0.8606070884497627	0.27573652072593924
-0.27344007705603557	-0.9160205440693652	0.2934908637461366
-0.0943354349016616	-0.9480672767576618	0.30375856278173535
0.0943354349016616	-0.9480672767576618	0.30375856278173535
0.2734400770560356	-0.9160205440693652	0.2934908637461366
-0.4863018615770584	-0.8639923442117838	0.13049033899149018
-0.34785682168502596	-0.9270341774234052	0.14001166200035817
-0.1824020254138387	-0.9721983359175841	0.14683288720177748
0.0	-0.9887861791959432	0.1493381794153393
0.1824020254138386	-0.972198335917584	0.14683288720177748
0.34785682168502596	-0.9270341774234052	0.14001166200035817
-0.2268222355188958	-0.5744436052768237	0.7864898078365512
-0.32884307051274825	-0.6576861410254966	0.6777249994494361
-0.3844087341962579	-0.5110280083989074	0.7688174683925157
-0.4270174172778701	-0.7252802273184521	0.5400228858133993
-0.4919589819940655	-0.5862042919800249	0.6436931630051391
-0.5400228858133993	-0.4270174172778702	0.7252802273184521
-0.5110280083989075	-0.7688174683925157	0.3844087341962579
-0.5862042919800249	-0.6436931630051389	0.49195898199406557
-0.6436931630051391	-0.49195898199406557	0.5862042919800248
-0.6777249994494362	-0.3288430705127483	0.6576861410254966
-0.5744436052768237	-0.7864898078365512	0.22682223551889585
-0.6576861410254965	-0.6777249994494363	0.3288430705127483
-0.7252802273184521	-0.5400228858133993	0.4270174172778702
-0.7688174683925157	-0.384408734196258	0.5110280083989074
-0.7864898078365512	-0.22682223551889583	0.5744436052768237
