0.015077845788276534
0.02040692051702031
0.020360678982014768
0.02415556337359881
0.023599437741318674
0.024057778130978758
0.026472172734468558
0.027074422764348238
0.027028725967083833
0.026336079577605087
0.02647217273446678
0.028421165343326393
0.02982641304965128
0.028346581188066544
0.02633347320522539
0.024155563373602362
0.02707442276434957
0.02982641304965261
0.02979911827505788
0.027004557057443535
0.024051061732457413
0.020406920517019422
0.023599437741323115
0.027028725967083833
0.028346581188071873
0.027004557057442202
0.02356084999217467
0.02035222004286119
0.015077845788276534
0.0203606789820161
0.024057778130979646
0.02633607957760553
0.026333473205226277
0.024051061732457413
0.02035222004286119
0.01507784578827387
0.020360678982014768
0.023599437741318674
0.024057778130978758
0.027074422764348238
0.027028725967083833
0.026336079577605087
0.028421165343326393
0.02982641304965128
0.028346581188066544
0.02633347320522539
0.02707442276434957
0.02982641304965261
0.02979911827505788
0.027004557057443535
0.024051061732457857
0.023599437741323115
0.027028725967083833
0.028346581188071873
0.027004557057442202
0.02356084999217467
0.02035222004286208
0.0203606789820161
0.024057778130979646
0.02633607957760553
0.026333473205226277
0.024051061732457857
0.02035222004286208
0.01507784578827387
0.020352220042866076
0.020352220042866076
0.024051061732456525
0.023560849992175115
0.024051061732456525
0.026333473205226277
0.027004557057439538
0.027004557057439538
0.026333473205225832
0.026336079577581994
0.028346581188067876
0.02979911827510051
0.028346581188067876
0.026336079577581994
0.024057778130980534
0.027028725967079392
0.02982641304965039
0.02982641304965039
0.027028725967078504
0.024057778130980534
0.020360678982013436
0.023599437741320894
0.027074422764349126
0.02842116534332373
0.027074422764347794
0.02359943774132134
0.020360678982012548
0.015077845788274757
0.02040692051702031
0.02415556337359792
0.02647217273446678
0.026472172734465893
0.024155563373600586
0.02040692051702031
0.015077845788274757
0.023502171096905222
0.026924217669399564
0.026924217669400896
0.028248395619527855
0.02968152609195629
0.0282483956195545
0.026924217669402672
0.029681526091950516
0.0296815260919554
0.026924217669400452
0.02350217109690611
0.02692421766940134
0.028248395619529187
0.02692421766940356
0.023502171096907887
0.0203522200428643
0.0240510617324583
0.026333473205227165
0.02633607957758244
0.024057778130979646
0.02036067898201388
0.015077845788276534
0.020352220042866076
0.020352220042866076
0.024051061732456525
0.023560849992175115
0.024051061732456525
0.026333473205226277
0.027004557057439538
0.027004557057439538
0.026333473205225832
0.026336079577581994
0.028346581188067876
0.02979911827510051
0.028346581188067876
0.026336079577581994
0.024057778130980534
0.027028725967079392
0.02982641304965039
0.02982641304965039
0.027028725967078504
0.024057778130980534
0.020360678982013436
0.023599437741320894
0.027074422764349126
0.02842116534332373
0.027074422764347794
0.02359943774132134
0.020360678982013436
0.020360678982014768
0.024057778130978758
0.023502171096905222
0.026336079577605087
0.026924217669400896
0.02692421766937736
0.02633347320522539
0.0282483956195545
0.02968152609195629
0.028248395619506095
0.024051061732457413
0.02692421766940223
0.0296815260919554
0.029681526091950072
0.02692421766937869
0.020352220042861635
0.023502171096910995
0.02692421766940356
0.028248395619554945
0.02692421766940356
0.023502171096905666
0.015077845788274313
0.020360678982013436
0.02405777813098009
0.026336079577605975
0.026333473205228497
0.02405106173245697
0.02035222004286341
0.020360678982014768
0.023502171096905222
0.024057778130978758
0.026924217669399564
0.026924217669400896
0.026336079577605087
0.028248395619527855
0.02968152609195629
0.0282483956195545
0.02633347320522539
0.026924217669402672
0.029681526091950516
0.0296815260919554
0.026924217669400452
0.024051061732457857
0.02350217109690611
0.02692421766940134
0.028248395619529187
0.02692421766940356
0.023502171096907887
0.02035222004286208
0.0203522200428643
0.0240510617324583
0.026333473205227165
0.02633607957758244
0.024057778130979646
0.02036067898201388
0.01507784578827387
0.02040692051702031
0.02415556337359881
0.023599437741318674
0.026472172734468558
0.027074422764348238
0.027028725967083833
0.02647217273446678
0.028421165343326393
0.02982641304965128
0.028346581188066544
0.024155563373602362
0.02707442276434957
0.02982641304965261
0.02979911827505788
0.027004557057443535
0.020406920517019422
0.023599437741323115
0.027028725967083833
0.028346581188071873
0.027004557057442202
0.02356084999217467
0.015077845788276534
0.0203606789820161
0.024057778130979646
0.02633607957760553
0.026333473205226277
0.024051061732457857
0.02035222004286208
0.023599437741318674
0.027074422764348238
0.027028725967083833
0.028421165343326393
0.02982641304965128
0.028346581188066544
0.02707442276434957
0.02982641304965261
0.02979911827505788
0.027004557057443535
0.023599437741323115
0.027028725967083833
0.028346581188071873
0.027004557057442202
0.02356084999217467
0.0203606789820161
0.024057778130979646
0.02633607957760553
0.026333473205226277
0.024051061732457857
0.02035222004286208
0.020360678982013436
0.020406920517018534
0.0240577781309792
0.023599437741321783
0.02415556337359792
0.02633607957760642
0.027028725967078504
0.027074422764346462
0.02647217273446678
0.026333473205228053
0.028346581188066988
0.02982641304965128
0.02842116534332373
0.02647217273446545
0.024051061732459633
0.02700455705744087
0.029799118275099623
0.02982641304965128
0.027074422764346462
0.024155563373600586
0.02035222004286119
0.023560849992171562
0.027004557057439094
0.0283465811880661
0.027028725967081613
0.02359943774132267
0.020406920517018534
0.015077845788274757
0.0203522200428643
0.024051061732459633
0.02633347320522672
0.026336079577583327
0.02405777813098009
0.020360678982014324
0.020352220042866076
0.024051061732456525
0.023502171096905222
0.026333473205226277
0.026924217669399564
0.026924217669400896
0.026336079577581994
0.028248395619527855
0.02968152609195629
0.0282483956195545
0.024057778130980534
0.026924217669402672
0.029681526091950516
0.0296815260919554
0.026924217669400452
0.020360678982013436
0.02350217109690611
0.02692421766940134
0.028248395619529187
0.02692421766940356
0.023502171096907887
0.020352220042866076
0.023560849992175115
0.024051061732456525
0.027004557057439538
0.027004557057439538
0.026333473205225832
0.028346581188067876
0.02979911827510051
0.028346581188067876
0.026336079577581994
0.027028725967079392
0.02982641304965039
0.02982641304965039
0.027028725967078504
0.024057778130980534
0.023599437741320894
0.027074422764349126
0.02842116534332373
0.027074422764347794
0.02359943774132134
0.020360678982012548
0.02040692051702031
0.02415556337359792
0.02647217273446678
0.026472172734465893
0.024155563373600586
0.02040692051702031
0.015077845788274757
0.023502171096905222
0.026924217669399564
0.026924217669400896
0.028248395619527855
0.02968152609195629
0.0282483956195545
0.026924217669402672
0.029681526091950516
0.0296815260919554
0.026924217669400452
0.02350217109690611
0.02692421766940134
0.028248395619529187
0.02692421766940356
0.023502171096907887
0.0203522200428643
0.0240510617324583
0.026333473205227165
0.02633607957758244
0.024057778130979646
0.02036067898201388
0.0203522200428643
0.023560849992174226
0.02405106173245697
0.027004557057439538
0.027004557057439538
0.026333473205226277
0.02834658118806921
0.02979911827510051
0.02834658118806921
0.02633607957758244
0.027028725967078948
0.02982641304965039
0.02982641304965039
0.027028725967079392
0.024057778130980534
0.02359943774132134
0.027074422764350015
0.02842116534332373
0.027074422764347794
0.023599437741321783
0.02036067898201388
0.020406920517018534
0.02415556337359792
0.02647217273446678
0.026472172734465893
0.024155563373600586
0.020406920517018534
0.0203522200428643
0.023560849992174226
0.02405106173245697
0.027004557057439538
0.027004557057439538
0.026333473205226277
0.02834658118806921
0.02979911827510051
0.02834658118806921
0.02633607957758244
0.027028725967078948
0.02982641304965039
0.02982641304965039
0.027028725967079392
0.024057778130980534
0.02359943774132134
0.027074422764350015
0.02842116534332373
0.027074422764347794
0.023599437741321783
0.02036067898201388
0.023502171096905222
0.026924217669400896
0.02692421766937736
0.0282483956195545
0.02968152609195629
0.028248395619506095
0.02692421766940223
0.0296815260919554
0.029681526091950072
0.02692421766937869
0.023502171096910995
0.02692421766940356
0.02824839561952963
0.02692421766940356
0.02350217109690611
0.023560849992174226
0.027004557057439538
0.027004557057439538
0.02834658118806921
0.02979911827510051
0.02834658118806921
0.027028725967078948
0.02982641304965039
0.02982641304965039
0.027028725967079392
0.02359943774132134
0.027074422764350015
0.02842116534332373
0.027074422764347794
0.023599437741321783
0.020352220042866076
0.023502171096905222
0.024051061732456525
0.026924217669400896
0.02692421766937736
0.026333473205225832
0.0282483956195545
0.02968152609195629
0.028248395619506095
0.026336079577581994
0.02692421766940223
0.0296815260919554
0.029681526091950072
0.02692421766937869
0.024057778130980534
0.023502171096910995
0.02692421766940356
0.02824839561952963
0.02692421766940356
0.02350217109690611
0.020360678982012548
0.020352220042866076
0.024051061732456525
0.023560849992175115
0.026333473205226277
0.027004557057439538
0.027004557057439538
0.026336079577581994
0.028346581188067876
0.02979911827510051
0.028346581188067876
0.024057778130980534
0.027028725967079392
0.02982641304965039
0.02982641304965039
0.027028725967078504
0.020360678982014324
0.023599437741320894
0.027074422764349126
0.02842116534332373
0.027074422764347794
0.02359943774132134
0.023502171096905222
0.026924217669399564
0.026924217669400896
0.028248395619527855
0.02968152609195629
0.0282483956195545
0.026924217669402672
0.029681526091950516
0.0296815260919554
0.026924217669400452
0.023502171096905666
0.02692421766940134
0.028248395619554056
0.02692421766940356
0.023502171096907887
