1	122	243	364	1816	0
1	2	122	123	3	124
1816	1817	1	2	4	1818
3	5	124	126	7	128
4	6	3	5	2	8
1818	1820	4	6	9	1822
7	10	128	131	13	134
8	11	7	10	5	14
9	12	8	11	6	15
1822	1825	9	12	16	1828
13	17	134	138	21	142
14	18	13	17	10	22
15	19	14	18	11	23
16	20	15	19	12	24
1828	1832	16	20	25	1836
21	26	142	147	31	152
22	27	21	26	17	32
23	28	22	27	18	33
24	29	23	28	19	34
25	30	24	29	20	35
1836	1841	25	30	36	1846
31	37	152	158	43	164
32	38	31	37	26	44
33	39	32	38	27	45
34	40	33	39	28	46
35	41	34	40	29	47
36	42	35	41	30	48
1846	1852	36	42	49	1858
43	50	164	171	57	178
44	51	43	50	37	58
45	52	44	51	38	59
46	53	45	52	39	60
47	54	46	53	40	61
48	55	47	54	41	62
49	56	48	55	42	63
1858	1865	49	56	64	1872
57	65	178	186	73	194
58	66	57	65	50	74
59	67	58	66	51	75
60	68	59	67	52	76
61	69	60	68	53	77
62	70	61	69	54	78
63	71	62	70	55	79
64	72	63	71	56	80
1872	1880	64	72	81	1888
73	82	194	203	91	212
74	83	73	82	65	92
75	84	74	83	66	93
76	85	75	84	67	94
77	86	76	85	68	95
78	87	77	86	69	96
79	88	78	87	70	97
80	89	79	88	71	98
81	90	80	89	72	99
1888	1897	81	90	100	1906
91	101	212	222	111	232
92	102	91	101	82	112
93	103	92	102	83	113
94	104	93	103	84	114
95	105	94	104	85	115
96	106	95	105	86	116
97	107	96	106	87	117
98	108	97	107	88	118
99	109	98	108	89	119
100	110	99	109	90	120
1906	1916	100	110	121	1926
111	232	2058	2179	2300	0
112	2058	2059	111	101	2060
113	2060	2062	112	102	2064
114	2064	2067	113	103	2070
115	2070	2074	114	104	2078
116	2078	2083	115	105	2088
117	2088	2094	116	106	2100
118	2100	2107	117	107	2114
119	2114	2122	118	108	2130
120	2130	2139	119	109	2148
121	2148	2158	120	110	2168
1926	2168	121	1694	1815	0
122	123	364	365	125	367
125	127	124	126	123	129
125	127	367	369	130	372
129	132	128	131	126	135
130	133	129	132	127	136
130	133	372	375	137	379
135	139	134	138	131	143
136	140	135	139	132	144
137	141	136	140	133	145
137	141	379	383	146	388
143	148	142	147	138	153
144	149	143	148	139	154
145	150	144	149	140	155
146	151	145	150	141	156
146	151	388	393	157	399
153	159	152	158	147	165
154	160	153	159	148	166
155	161	154	160	149	167
156	162	155	161	150	168
157	163	156	162	151	169
157	163	399	405	170	412
165	172	164	171	158	179
166	173	165	172	159	180
167	174	166	173	160	181
168	175	167	174	161	182
169	176	168	175	162	183
170	177	169	176	163	184
170	177	412	419	185	427
179	187	178	186	171	195
180	188	179	187	172	196
181	189	180	188	173	197
182	190	181	189	174	198
183	191	182	190	175	199
184	192	183	191	176	200
185	193	184	192	177	201
185	193	427	435	202	444
195	204	194	203	186	213
196	205	195	204	187	214
197	206	196	205	188	215
198	207	197	206	189	216
199	208	198	207	190	217
200	209	199	208	191	218
201	210	200	209	192	219
202	211	201	210	193	220
202	211	444	453	221	463
213	223	212	222	203	233
214	224	213	223	204	234
215	225	214	224	205	235
216	226	215	225	206	236
217	227	216	226	207	237
218	228	217	227	208	238
219	229	218	228	209	239
220	230	219	229	210	240
221	231	220	230	211	241
221	231	463	473	242	484
233	232	2300	2301	222	2303
234	233	2303	2305	223	2308
235	234	2308	2311	224	2315
236	235	2315	2319	225	2324
237	236	2324	2329	226	2335
238	237	2335	2341	227	2348
239	238	2348	2355	228	2363
240	239	2363	2371	229	2380
241	240	2380	2389	230	2399
242	241	2399	2409	231	2420
2047	242	484	2420	1090	0
243	244	1816	1817	245	1819
364	365	243	244	246	366
245	247	1819	1821	249	1824
246	248	245	247	244	250
366	368	246	248	251	370
249	252	1824	1827	255	1831
250	253	249	252	247	256
251	254	250	253	248	257
370	373	251	254	258	376
255	259	1831	1835	263	1840
256	260	255	259	252	264
257	261	256	260	253	265
258	262	257	261	254	266
376	380	258	262	267	384
263	268	1840	1845	273	1851
264	269	263	268	259	274
265	270	264	269	260	275
266	271	265	270	261	276
267	272	266	271	262	277
384	389	267	272	278	394
273	279	1851	1857	285	1864
274	280	273	279	268	286
275	281	274	280	269	287
276	282	275	281	270	288
277	283	276	282	271	289
278	284	277	283	272	290
394	400	278	284	291	406
285	292	1864	1871	299	1879
286	293	285	292	279	300
287	294	286	293	280	301
288	295	287	294	281	302
289	296	288	295	282	303
290	297	289	296	283	304
291	298	290	297	284	305
406	413	291	298	306	420
299	307	1879	1887	315	1896
300	308	299	307	292	316
301	309	300	308	293	317
302	310	301	309	294	318
303	311	302	310	295	319
304	312	303	311	296	320
305	313	304	312	297	321
306	314	305	313	298	322
420	428	306	314	323	436
315	324	1896	1905	333	1915
316	325	315	324	307	334
317	326	316	325	308	335
318	327	317	326	309	336
319	328	318	327	310	337
320	329	319	328	311	338
321	330	320	329	312	339
322	331	321	330	313	340
323	332	322	331	314	341
436	445	323	332	342	454
333	343	1915	1925	353	1936
334	344	333	343	324	354
335	345	334	344	325	355
336	346	335	345	326	356
337	347	336	346	327	357
338	348	337	347	328	358
339	349	338	348	329	359
340	350	339	349	330	360
341	351	340	350	331	361
342	352	341	351	332	362
454	464	342	352	363	474
353	595	837	1936	1695	0
354	596	353	595	343	585
355	597	354	596	344	586
356	598	355	597	345	587
357	599	356	598	346	588
358	600	357	599	347	589
359	601	358	600	348	590
360	602	359	601	349	591
361	603	360	602	350	592
362	604	361	603	351	593
363	605	362	604	352	594
474	363	605	726	1937	0
367	369	366	368	365	371
371	374	370	373	368	377
372	375	371	374	369	378
377	381	376	380	373	385
378	382	377	381	374	386
379	383	378	382	375	387
385	390	384	389	380	395
386	391	385	390	381	396
387	392	386	391	382	397
388	393	387	392	383	398
395	401	394	400	389	407
396	402	395	401	390	408
397	403	396	402	391	409
398	404	397	403	392	410
399	405	398	404	393	411
407	414	406	413	400	421
408	415	407	414	401	422
409	416	408	415	402	423
410	417	409	416	403	424
411	418	410	417	404	425
412	419	411	418	405	426
421	429	420	428	413	437
422	430	421	429	414	438
423	431	422	430	415	439
424	432	423	431	416	440
425	433	424	432	417	441
426	434	425	433	418	442
427	435	426	434	419	443
437	446	436	445	428	455
438	447	437	446	429	456
439	448	438	447	430	457
440	449	439	448	431	458
441	450	440	449	432	459
442	451	441	450	433	460
443	452	442	451	434	461
444	453	443	452	435	462
455	465	454	464	445	475
456	466	455	465	446	476
457	467	456	466	447	477
458	468	457	467	448	478
459	469	458	468	449	479
460	470	459	469	450	480
461	471	460	470	451	481
462	472	461	471	452	482
463	473	462	472	453	483
475	1937	1938	474	464	1939
476	1939	1941	475	465	1943
477	1943	1946	476	466	1949
478	1949	1953	477	467	1957
479	1957	1962	478	468	1967
480	1967	1973	479	469	1979
481	1979	1986	480	470	1993
482	1993	2001	481	471	2009
483	2009	2018	482	472	2027
484	2027	2037	483	473	2047
485	606	727	848	969	0
485	486	727	728	487	729
485	486	606	607	488	609
487	489	729	731	491	733
488	490	487	489	486	492
488	490	609	611	493	614
491	494	733	736	497	739
492	495	491	494	489	498
493	496	492	495	490	499
493	496	614	617	500	621
497	501	739	743	505	747
498	502	497	501	494	506
499	503	498	502	495	507
500	504	499	503	496	508
500	504	621	625	509	630
505	510	747	752	515	757
506	511	505	510	501	516
507	512	506	511	502	517
508	513	507	512	503	518
509	514	508	513	504	519
509	514	630	635	520	641
515	521	757	763	527	769
516	522	515	521	510	528
517	523	516	522	511	529
518	524	517	523	512	530
519	525	518	524	513	531
520	526	519	525	514	532
520	526	641	647	533	654
527	534	769	776	541	783
528	535	527	534	521	542
529	536	528	535	522	543
530	537	529	536	523	544
531	538	530	537	524	545
532	539	531	538	525	546
533	540	532	539	526	547
533	540	654	661	548	669
541	549	783	791	557	799
542	550	541	549	534	558
543	551	542	550	535	559
544	552	543	551	536	560
545	553	544	552	537	561
546	554	545	553	538	562
547	555	546	554	539	563
548	556	547	555	540	564
548	556	669	677	565	686
557	566	799	808	575	817
558	567	557	566	549	576
559	568	558	567	550	577
560	569	559	568	551	578
561	570	560	569	552	579
562	571	561	570	553	580
563	572	562	571	554	581
564	573	563	572	555	582
565	574	564	573	556	583
565	574	686	695	584	705
575	585	817	827	595	837
576	586	575	585	566	596
577	587	576	586	567	597
578	588	577	587	568	598
579	589	578	588	569	599
580	590	579	589	570	600
581	591	580	590	571	601
582	592	581	591	572	602
583	593	582	592	573	603
584	594	583	593	574	604
584	594	705	715	605	726
606	607	969	970	608	972
608	610	972	974	612	977
609	611	608	610	607	613
612	615	977	980	618	984
613	616	612	615	610	619
614	617	613	616	611	620
618	622	984	988	626	993
619	623	618	622	615	627
620	624	619	623	616	628
621	625	620	624	617	629
626	631	993	998	636	1004
627	632	626	631	622	637
628	633	627	632	623	638
629	634	628	633	624	639
630	635	629	634	625	640
636	642	1004	1010	648	1017
637	643	636	642	631	649
638	644	637	643	632	650
639	645	638	644	633	651
640	646	639	645	634	652
641	647	640	646	635	653
648	655	1017	1024	662	1032
649	656	648	655	642	663
650	657	649	656	643	664
651	658	650	657	644	665
652	659	651	658	645	666
653	660	652	659	646	667
654	661	653	660	647	668
662	670	1032	1040	678	1049
663	671	662	670	655	679
664	672	663	671	656	680
665	673	664	672	657	681
666	674	665	673	658	682
667	675	666	674	659	683
668	676	667	675	660	684
669	677	668	676	661	685
678	687	1049	1058	696	1068
679	688	678	687	670	697
680	689	679	688	671	698
681	690	680	689	672	699
682	691	681	690	673	700
683	692	682	691	674	701
684	693	683	692	675	702
685	694	684	693	676	703
686	695	685	694	677	704
696	706	1068	1078	716	1089
697	707	696	706	687	717
698	708	697	707	688	718
699	709	698	708	689	719
700	710	699	709	690	720
701	711	700	710	691	721
702	712	701	711	692	722
703	713	702	712	693	723
704	714	703	713	694	724
705	715	704	714	695	725
716	1089	1210	1331	2057	0
717	716	2036	2046	706	2057
718	717	2017	2026	707	2036
719	718	2000	2008	708	2017
720	719	1985	1992	709	2000
721	720	1972	1978	710	1985
722	721	1961	1966	711	1972
723	722	1952	1956	712	1961
724	723	1945	1948	713	1952
725	724	1940	1942	714	1945
726	725	1937	1938	715	1940
727	728	848	849	730	851
730	732	729	731	728	734
730	732	851	853	735	856
734	737	733	736	731	740
735	738	734	737	732	741
735	738	856	859	742	863
740	744	739	743	736	748
741	745	740	744	737	749
742	746	741	745	738	750
742	746	863	867	751	872
748	753	747	752	743	758
749	754	748	753	744	759
750	755	749	754	745	760
751	756	750	755	746	761
751	756	872	877	762	883
758	764	757	763	752	770
759	765	758	764	753	771
760	766	759	765	754	772
761	767	760	766	755	773
762	768	761	767	756	774
762	768	883	889	775	896
770	777	769	776	763	784
771	778	770	777	764	785
772	779	771	778	765	786
773	780	772	779	766	787
774	781	773	780	767	788
775	782	774	781	768	789
775	782	896	903	790	911
784	792	783	791	776	800
785	793	784	792	777	801
786	794	785	793	778	802
787	795	786	794	779	803
788	796	787	795	780	804
789	797	788	796	781	805
790	798	789	797	782	806
790	798	911	919	807	928
800	809	799	808	791	818
801	810	800	809	792	819
802	811	801	810	793	820
803	812	802	811	794	821
804	813	803	812	795	822
805	814	804	813	796	823
806	815	805	814	797	824
807	816	806	815	798	825
807	816	928	937	826	947
818	828	817	827	808	838
819	829	818	828	809	839
820	830	819	829	810	840
821	831	820	830	811	841
822	832	821	831	812	842
823	833	822	832	813	843
824	834	823	833	814	844
825	835	824	834	815	845
826	836	825	835	816	846
826	836	947	957	847	968
838	1695	1696	837	827	1697
839	1697	1699	838	828	1701
840	1701	1704	839	829	1707
841	1707	1711	840	830	1715
842	1715	1720	841	831	1725
843	1725	1731	842	832	1737
844	1737	1744	843	833	1751
845	1751	1759	844	834	1767
846	1767	1776	845	835	1785
847	1785	1795	846	836	1805
1684	1805	847	968	1573	0
848	849	969	970	850	971
850	852	971	973	854	975
851	853	850	852	849	855
854	857	975	978	860	981
855	858	854	857	852	861
856	859	855	858	853	862
860	864	981	985	868	989
861	865	860	864	857	869
862	866	861	865	858	870
863	867	862	866	859	871
868	873	989	994	878	999
869	874	868	873	864	879
870	875	869	874	865	880
871	876	870	875	866	881
872	877	871	876	867	882
878	884	999	1005	890	1011
879	885	878	884	873	891
880	886	879	885	874	892
881	887	880	886	875	893
882	888	881	887	876	894
883	889	882	888	877	895
890	897	1011	1018	904	1025
891	898	890	897	884	905
892	899	891	898	885	906
893	900	892	899	886	907
894	901	893	900	887	908
895	902	894	901	888	909
896	903	895	902	889	910
904	912	1025	1033	920	1041
905	913	904	912	897	921
906	914	905	913	898	922
907	915	906	914	899	923
908	916	907	915	900	924
909	917	908	916	901	925
910	918	909	917	902	926
911	919	910	918	903	927
920	929	1041	1050	938	1059
921	930	920	929	912	939
922	931	921	930	913	940
923	932	922	931	914	941
924	933	923	932	915	942
925	934	924	933	916	943
926	935	925	934	917	944
927	936	926	935	918	945
928	937	927	936	919	946
938	948	1059	1069	958	1079
939	949	938	948	929	959
940	950	939	949	930	960
941	951	940	950	931	961
942	952	941	951	932	962
943	953	942	952	933	963
944	954	943	953	934	964
945	955	944	954	935	965
946	956	945	955	936	966
947	957	946	956	937	967
958	1079	1211	1332	1453	0
959	958	1453	1454	948	1456
960	959	1456	1458	949	1461
961	960	1461	1464	950	1468
962	961	1468	1472	951	1477
963	962	1477	1482	952	1488
964	963	1488	1494	953	1501
965	964	1501	1508	954	1516
966	965	1516	1524	955	1533
967	966	1533	1542	956	1552
968	967	1552	1562	957	1573
972	974	971	973	970	976
976	979	975	978	973	982
977	980	976	979	974	983
982	986	981	985	978	990
983	987	982	986	979	991
984	988	983	987	980	992
990	995	989	994	985	1000
991	996	990	995	986	1001
992	997	991	996	987	1002
993	998	992	997	988	1003
1000	1006	999	1005	994	1012
1001	1007	1000	1006	995	1013
1002	1008	1001	1007	996	1014
1003	1009	1002	1008	997	1015
1004	1010	1003	1009	998	1016
1012	1019	1011	1018	1005	1026
1013	1020	1012	1019	1006	1027
1014	1021	1013	1020	1007	1028
1015	1022	1014	1021	1008	1029
1016	1023	1015	1022	1009	1030
1017	1024	1016	1023	1010	1031
1026	1034	1025	1033	1018	1042
1027	1035	1026	1034	1019	1043
1028	1036	1027	1035	1020	1044
1029	1037	1028	1036	1021	1045
1030	1038	1029	1037	1022	1046
1031	1039	1030	1038	1023	1047
1032	1040	1031	1039	1024	1048
1042	1051	1041	1050	1033	1060
1043	1052	1042	1051	1034	1061
1044	1053	1043	1052	1035	1062
1045	1054	1044	1053	1036	1063
1046	1055	1045	1054	1037	1064
1047	1056	1046	1055	1038	1065
1048	1057	1047	1056	1039	1066
1049	1058	1048	1057	1040	1067
1060	1070	1059	1069	1050	1080
1061	1071	1060	1070	1051	1081
1062	1072	1061	1071	1052	1082
1063	1073	1062	1072	1053	1083
1064	1074	1063	1073	1054	1084
1065	1075	1064	1074	1055	1085
1066	1076	1065	1075	1056	1086
1067	1077	1066	1076	1057	1087
1068	1078	1067	1077	1058	1088
1080	1079	1211	1212	1069	1214
1081	1080	1214	1216	1070	1219
1082	1081	1219	1222	1071	1226
1083	1082	1226	1230	1072	1235
1084	1083	1235	1240	1073	1246
1085	1084	1246	1252	1074	1259
1086	1085	1259	1266	1075	1274
1087	1086	1274	1282	1076	1291
1088	1087	1291	1300	1077	1310
1089	1088	1310	1320	1078	1331
1090	1091	2420	2419	1092	2409
2048	1090	1091	2047	1093	2037
1092	1094	2419	2418	1096	2408
1093	1095	1092	1094	1091	1097
2049	1093	1095	2048	1098	2038
1096	1099	2418	2417	1102	2407
1097	1100	1096	1099	1094	1103
1098	1101	1097	1100	1095	1104
2050	1098	1101	2049	1105	2039
1102	1106	2417	2416	1110	2406
1103	1107	1102	1106	1099	1111
1104	1108	1103	1107	1100	1112
1105	1109	1104	1108	1101	1113
2051	1105	1109	2050	1114	2040
1110	1115	2416	2415	1120	2405
1111	1116	1110	1115	1106	1121
1112	1117	1111	1116	1107	1122
1113	1118	1112	1117	1108	1123
1114	1119	1113	1118	1109	1124
2052	1114	1119	2051	1125	2041
1120	1126	2415	2414	1132	2404
1121	1127	1120	1126	1115	1133
1122	1128	1121	1127	1116	1134
1123	1129	1122	1128	1117	1135
1124	1130	1123	1129	1118	1136
1125	1131	1124	1130	1119	1137
2053	1125	1131	2052	1138	2042
1132	1139	2414	2413	1146	2403
1133	1140	1132	1139	1126	1147
1134	1141	1133	1140	1127	1148
1135	1142	1134	1141	1128	1149
1136	1143	1135	1142	1129	1150
1137	1144	1136	1143	1130	1151
1138	1145	1137	1144	1131	1152
2054	1138	1145	2053	1153	2043
1146	1154	2413	2412	1162	2402
1147	1155	1146	1154	1139	1163
1148	1156	1147	1155	1140	1164
1149	1157	1148	1156	1141	1165
1150	1158	1149	1157	1142	1166
1151	1159	1150	1158	1143	1167
1152	1160	1151	1159	1144	1168
1153	1161	1152	1160	1145	1169
2055	1153	1161	2054	1170	2044
1162	1171	2412	2411	1180	2401
1163	1172	1162	1171	1154	1181
1164	1173	1163	1172	1155	1182
1165	1174	1164	1173	1156	1183
1166	1175	1165	1174	1157	1184
1167	1176	1166	1175	1158	1185
1168	1177	1167	1176	1159	1186
1169	1178	1168	1177	1160	1187
1170	1179	1169	1178	1161	1188
2056	1170	1179	2055	1189	2045
1180	1190	2411	2410	1200	2400
1181	1191	1180	1190	1171	1201
1182	1192	1181	1191	1172	1202
1183	1193	1182	1192	1173	1203
1184	1194	1183	1193	1174	1204
1185	1195	1184	1194	1175	1205
1186	1196	1185	1195	1176	1206
1187	1197	1186	1196	1177	1207
1188	1198	1187	1197	1178	1208
1189	1199	1188	1198	1179	1209
2057	1189	1199	2056	1210	2046
1200	1321	1442	2289	2410	0
1201	1322	1200	1321	1190	1311
1202	1323	1201	1322	1191	1312
1203	1324	1202	1323	1192	1313
1204	1325	1203	1324	1193	1314
1205	1326	1204	1325	1194	1315
1206	1327	1205	1326	1195	1316
1207	1328	1206	1327	1196	1317
1208	1329	1207	1328	1197	1318
1209	1330	1208	1329	1198	1319
1210	1331	1209	1330	1199	1320
1211	1212	1332	1333	1213	1334
1213	1215	1334	1336	1217	1338
1214	1216	1213	1215	1212	1218
1217	1220	1338	1341	1223	1344
1218	1221	1217	1220	1215	1224
1219	1222	1218	1221	1216	1225
1223	1227	1344	1348	1231	1352
1224	1228	1223	1227	1220	1232
1225	1229	1224	1228	1221	1233
1226	1230	1225	1229	1222	1234
1231	1236	1352	1357	1241	1362
1232	1237	1231	1236	1227	1242
1233	1238	1232	1237	1228	1243
1234	1239	1233	1238	1229	1244
1235	1240	1234	1239	1230	1245
1241	1247	1362	1368	1253	1374
1242	1248	1241	1247	1236	1254
1243	1249	1242	1248	1237	1255
1244	1250	1243	1249	1238	1256
1245	1251	1244	1250	1239	1257
1246	1252	1245	1251	1240	1258
1253	1260	1374	1381	1267	1388
1254	1261	1253	1260	1247	1268
1255	1262	1254	1261	1248	1269
1256	1263	1255	1262	1249	1270
1257	1264	1256	1263	1250	1271
1258	1265	1257	1264	1251	1272
1259	1266	1258	1265	1252	1273
1267	1275	1388	1396	1283	1404
1268	1276	1267	1275	1260	1284
1269	1277	1268	1276	1261	1285
1270	1278	1269	1277	1262	1286
1271	1279	1270	1278	1263	1287
1272	1280	1271	1279	1264	1288
1273	1281	1272	1280	1265	1289
1274	1282	1273	1281	1266	1290
1283	1292	1404	1413	1301	1422
1284	1293	1283	1292	1275	1302
1285	1294	1284	1293	1276	1303
1286	1295	1285	1294	1277	1304
1287	1296	1286	1295	1278	1305
1288	1297	1287	1296	1279	1306
1289	1298	1288	1297	1280	1307
1290	1299	1289	1298	1281	1308
1291	1300	1290	1299	1282	1309
1301	1311	1422	1432	1321	1442
1302	1312	1301	1311	1292	1322
1303	1313	1302	1312	1293	1323
1304	1314	1303	1313	1294	1324
1305	1315	1304	1314	1295	1325
1306	1316	1305	1315	1296	1326
1307	1317	1306	1316	1297	1327
1308	1318	1307	1317	1298	1328
1309	1319	1308	1318	1299	1329
1310	1320	1309	1319	1300	1330
1453	1454	1332	1333	1335	1455
1335	1337	1334	1336	1333	1339
1455	1457	1335	1337	1340	1459
1339	1342	1338	1341	1336	1345
1340	1343	1339	1342	1337	1346
1459	1462	1340	1343	1347	1465
1345	1349	1344	1348	1341	1353
1346	1350	1345	1349	1342	1354
1347	1351	1346	1350	1343	1355
1465	1469	1347	1351	1356	1473
1353	1358	1352	1357	1348	1363
1354	1359	1353	1358	1349	1364
1355	1360	1354	1359	1350	1365
1356	1361	1355	1360	1351	1366
1473	1478	1356	1361	1367	1483
1363	1369	1362	1368	1357	1375
1364	1370	1363	1369	1358	1376
1365	1371	1364	1370	1359	1377
1366	1372	1365	1371	1360	1378
1367	1373	1366	1372	1361	1379
1483	1489	1367	1373	1380	1495
1375	1382	1374	1381	1368	1389
1376	1383	1375	1382	1369	1390
1377	1384	1376	1383	1370	1391
1378	1385	1377	1384	1371	1392
1379	1386	1378	1385	1372	1393
1380	1387	1379	1386	1373	1394
1495	1502	1380	1387	1395	1509
1389	1397	1388	1396	1381	1405
1390	1398	1389	1397	1382	1406
1391	1399	1390	1398	1383	1407
1392	1400	1391	1399	1384	1408
1393	1401	1392	1400	1385	1409
1394	1402	1393	1401	1386	1410
1395	1403	1394	1402	1387	1411
1509	1517	1395	1403	1412	1525
1405	1414	1404	1413	1396	1423
1406	1415	1405	1414	1397	1424
1407	1416	1406	1415	1398	1425
1408	1417	1407	1416	1399	1426
1409	1418	1408	1417	1400	1427
1410	1419	1409	1418	1401	1428
1411	1420	1410	1419	1402	1429
1412	1421	1411	1420	1403	1430
1525	1534	1412	1421	1431	1543
1423	1433	1422	1432	1413	1443
1424	1434	1423	1433	1414	1444
1425	1435	1424	1434	1415	1445
1426	1436	1425	1435	1416	1446
1427	1437	1426	1436	1417	1447
1428	1438	1427	1437	1418	1448
1429	1439	1428	1438	1419	1449
1430	1440	1429	1439	1420	1450
1431	1441	1430	1440	1421	1451
1543	1553	1431	1441	1452	1563
1443	2290	1442	2289	1432	2279
1444	2291	1443	2290	1433	2280
1445	2292	1444	2291	1434	2281
1446	2293	1445	2292	1435	2282
1447	2294	1446	2293	1436	2283
1448	2295	1447	2294	1437	2284
1449	2296	1448	2295	1438	2285
1450	2297	1449	2296	1439	2286
1451	2298	1450	2297	1440	2287
1452	2299	1451	2298	1441	2288
1563	1452	2178	2299	1574	0
1456	1458	1455	1457	1454	1460
1460	1463	1459	1462	1457	1466
1461	1464	1460	1463	1458	1467
1466	1470	1465	1469	1462	1474
1467	1471	1466	1470	1463	1475
1468	1472	1467	1471	1464	1476
1474	1479	1473	1478	1469	1484
1475	1480	1474	1479	1470	1485
1476	1481	1475	1480	1471	1486
1477	1482	1476	1481	1472	1487
1484	1490	1483	1489	1478	1496
1485	1491	1484	1490	1479	1497
1486	1492	1485	1491	1480	1498
1487	1493	1486	1492	1481	1499
1488	1494	1487	1493	1482	1500
1496	1503	1495	1502	1489	1510
1497	1504	1496	1503	1490	1511
1498	1505	1497	1504	1491	1512
1499	1506	1498	1505	1492	1513
1500	1507	1499	1506	1493	1514
1501	1508	1500	1507	1494	1515
1510	1518	1509	1517	1502	1526
1511	1519	1510	1518	1503	1527
1512	1520	1511	1519	1504	1528
1513	1521	1512	1520	1505	1529
1514	1522	1513	1521	1506	1530
1515	1523	1514	1522	1507	1531
1516	1524	1515	1523	1508	1532
1526	1535	1525	1534	1517	1544
1527	1536	1526	1535	1518	1545
1528	1537	1527	1536	1519	1546
1529	1538	1528	1537	1520	1547
1530	1539	1529	1538	1521	1548
1531	1540	1530	1539	1522	1549
1532	1541	1531	1540	1523	1550
1533	1542	1532	1541	1524	1551
1544	1554	1543	1553	1534	1564
1545	1555	1544	1554	1535	1565
1546	1556	1545	1555	1536	1566
1547	1557	1546	1556	1537	1567
1548	1558	1547	1557	1538	1568
1549	1559	1548	1558	1539	1569
1550	1560	1549	1559	1540	1570
1551	1561	1550	1560	1541	1571
1552	1562	1551	1561	1542	1572
1564	1574	1575	1563	1553	1576
1565	1576	1578	1564	1554	1580
1566	1580	1583	1565	1555	1586
1567	1586	1590	1566	1556	1594
1568	1594	1599	1567	1557	1604
1569	1604	1610	1568	1558	1616
1570	1616	1623	1569	1559	1630
1571	1630	1638	1570	1560	1646
1572	1646	1655	1571	1561	1664
1573	1664	1674	1572	1562	1684
2178	1574	1575	2177	1577	2167
1577	1579	1576	1578	1575	1581
2177	1577	1579	2176	1582	2166
1581	1584	1580	1583	1578	1587
1582	1585	1581	1584	1579	1588
2176	1582	1585	2175	1589	2165
1587	1591	1586	1590	1583	1595
1588	1592	1587	1591	1584	1596
1589	1593	1588	1592	1585	1597
2175	1589	1593	2174	1598	2164
1595	1600	1594	1599	1590	1605
1596	1601	1595	1600	1591	1606
1597	1602	1596	1601	1592	1607
1598	1603	1597	1602	1593	1608
2174	1598	1603	2173	1609	2163
1605	1611	1604	1610	1599	1617
1606	1612	1605	1611	1600	1618
1607	1613	1606	1612	1601	1619
1608	1614	1607	1613	1602	1620
1609	1615	1608	1614	1603	1621
2173	1609	1615	2172	1622	2162
1617	1624	1616	1623	1610	1631
1618	1625	1617	1624	1611	1632
1619	1626	1618	1625	1612	1633
1620	1627	1619	1626	1613	1634
1621	1628	1620	1627	1614	1635
1622	1629	1621	1628	1615	1636
2172	1622	1629	2171	1637	2161
1631	1639	1630	1638	1623	1647
1632	1640	1631	1639	1624	1648
1633	1641	1632	1640	1625	1649
1634	1642	1633	1641	1626	1650
1635	1643	1634	1642	1627	1651
1636	1644	1635	1643	1628	1652
1637	1645	1636	1644	1629	1653
2171	1637	1645	2170	1654	2160
1647	1656	1646	1655	1638	1665
1648	1657	1647	1656	1639	1666
1649	1658	1648	1657	1640	1667
1650	1659	1649	1658	1641	1668
1651	1660	1650	1659	1642	1669
1652	1661	1651	1660	1643	1670
1653	1662	1652	1661	1644	1671
1654	1663	1653	1662	1645	1672
2170	1654	1663	2169	1673	2159
1665	1675	1664	1674	1655	1685
1666	1676	1665	1675	1656	1686
1667	1677	1666	1676	1657	1687
1668	1678	1667	1677	1658	1688
1669	1679	1668	1678	1659	1689
1670	1680	1669	1679	1660	1690
1671	1681	1670	1680	1661	1691
1672	1682	1671	1681	1662	1692
1673	1683	1672	1682	1663	1693
2169	1673	1683	2168	1694	2158
1685	1806	1684	1805	1674	1795
1686	1807	1685	1806	1675	1796
1687	1808	1686	1807	1676	1797
1688	1809	1687	1808	1677	1798
1689	1810	1688	1809	1678	1799
1690	1811	1689	1810	1679	1800
1691	1812	1690	1811	1680	1801
1692	1813	1691	1812	1681	1802
1693	1814	1692	1813	1682	1803
1694	1815	1693	1814	1683	1804
1936	1695	1696	1935	1698	1925
1698	1700	1697	1699	1696	1702
1935	1698	1700	1934	1703	1924
1702	1705	1701	1704	1699	1708
1703	1706	1702	1705	1700	1709
1934	1703	1706	1933	1710	1923
1708	1712	1707	1711	1704	1716
1709	1713	1708	1712	1705	1717
1710	1714	1709	1713	1706	1718
1933	1710	1714	1932	1719	1922
1716	1721	1715	1720	1711	1726
1717	1722	1716	1721	1712	1727
1718	1723	1717	1722	1713	1728
1719	1724	1718	1723	1714	1729
1932	1719	1724	1931	1730	1921
1726	1732	1725	1731	1720	1738
1727	1733	1726	1732	1721	1739
1728	1734	1727	1733	1722	1740
1729	1735	1728	1734	1723	1741
1730	1736	1729	1735	1724	1742
1931	1730	1736	1930	1743	1920
1738	1745	1737	1744	1731	1752
1739	1746	1738	1745	1732	1753
1740	1747	1739	1746	1733	1754
1741	1748	1740	1747	1734	1755
1742	1749	1741	1748	1735	1756
1743	1750	1742	1749	1736	1757
1930	1743	1750	1929	1758	1919
1752	1760	1751	1759	1744	1768
1753	1761	1752	1760	1745	1769
1754	1762	1753	1761	1746	1770
1755	1763	1754	1762	1747	1771
1756	1764	1755	1763	1748	1772
1757	1765	1756	1764	1749	1773
1758	1766	1757	1765	1750	1774
1929	1758	1766	1928	1775	1918
1768	1777	1767	1776	1759	1786
1769	1778	1768	1777	1760	1787
1770	1779	1769	1778	1761	1788
1771	1780	1770	1779	1762	1789
1772	1781	1771	1780	1763	1790
1773	1782	1772	1781	1764	1791
1774	1783	1773	1782	1765	1792
1775	1784	1774	1783	1766	1793
1928	1775	1784	1927	1794	1917
1786	1796	1785	1795	1776	1806
1787	1797	1786	1796	1777	1807
1788	1798	1787	1797	1778	1808
1789	1799	1788	1798	1779	1809
1790	1800	1789	1799	1780	1810
1791	1801	1790	1800	1781	1811
1792	1802	1791	1801	1782	1812
1793	1803	1792	1802	1783	1813
1794	1804	1793	1803	1784	1814
1927	1794	1804	1926	1815	1916
1819	1821	1818	1820	1817	1823
1823	1826	1822	1825	1820	1829
1824	1827	1823	1826	1821	1830
1829	1833	1828	1832	1825	1837
1830	1834	1829	1833	1826	1838
1831	1835	1830	1834	1827	1839
1837	1842	1836	1841	1832	1847
1838	1843	1837	1842	1833	1848
1839	1844	1838	1843	1834	1849
1840	1845	1839	1844	1835	1850
1847	1853	1846	1852	1841	1859
1848	1854	1847	1853	1842	1860
1849	1855	1848	1854	1843	1861
1850	1856	1849	1855	1844	1862
1851	1857	1850	1856	1845	1863
1859	1866	1858	1865	1852	1873
1860	1867	1859	1866	1853	1874
1861	1868	1860	1867	1854	1875
1862	1869	1861	1868	1855	1876
1863	1870	1862	1869	1856	1877
1864	1871	1863	1870	1857	1878
1873	1881	1872	1880	1865	1889
1874	1882	1873	1881	1866	1890
1875	1883	1874	1882	1867	1891
1876	1884	1875	1883	1868	1892
1877	1885	1876	1884	1869	1893
1878	1886	1877	1885	1870	1894
1879	1887	1878	1886	1871	1895
1889	1898	1888	1897	1880	1907
1890	1899	1889	1898	1881	1908
1891	1900	1890	1899	1882	1909
1892	1901	1891	1900	1883	1910
1893	1902	1892	1901	1884	1911
1894	1903	1893	1902	1885	1912
1895	1904	1894	1903	1886	1913
1896	1905	1895	1904	1887	1914
1907	1917	1906	1916	1897	1927
1908	1918	1907	1917	1898	1928
1909	1919	1908	1918	1899	1929
1910	1920	1909	1919	1900	1930
1911	1921	1910	1920	1901	1931
1912	1922	1911	1921	1902	1932
1913	1923	1912	1922	1903	1933
1914	1924	1913	1923	1904	1934
1915	1925	1914	1924	1905	1935
1940	1942	1939	1941	1938	1944
1944	1947	1943	1946	1941	1950
1945	1948	1944	1947	1942	1951
1950	1954	1949	1953	1946	1958
1951	1955	1950	1954	1947	1959
1952	1956	1951	1955	1948	1960
1958	1963	1957	1962	1953	1968
1959	1964	1958	1963	1954	1969
1960	1965	1959	1964	1955	1970
1961	1966	1960	1965	1956	1971
1968	1974	1967	1973	1962	1980
1969	1975	1968	1974	1963	1981
1970	1976	1969	1975	1964	1982
1971	1977	1970	1976	1965	1983
1972	1978	1971	1977	1966	1984
1980	1987	1979	1986	1973	1994
1981	1988	1980	1987	1974	1995
1982	1989	1981	1988	1975	1996
1983	1990	1982	1989	1976	1997
1984	1991	1983	1990	1977	1998
1985	1992	1984	1991	1978	1999
1994	2002	1993	2001	1986	2010
1995	2003	1994	2002	1987	2011
1996	2004	1995	2003	1988	2012
1997	2005	1996	2004	1989	2013
1998	2006	1997	2005	1990	2014
1999	2007	1998	2006	1991	2015
2000	2008	1999	2007	1992	2016
2010	2019	2009	2018	2001	2028
2011	2020	2010	2019	2002	2029
2012	2021	2011	2020	2003	2030
2013	2022	2012	2021	2004	2031
2014	2023	2013	2022	2005	2032
2015	2024	2014	2023	2006	2033
2016	2025	2015	2024	2007	2034
2017	2026	2016	2025	2008	2035
2028	2038	2027	2037	2018	2048
2029	2039	2028	2038	2019	2049
2030	2040	2029	2039	2020	2050
2031	2041	2030	2040	2021	2051
2032	2042	2031	2041	2022	2052
2033	2043	2032	2042	2023	2053
2034	2044	2033	2043	2024	2054
2035	2045	2034	2044	2025	2055
2036	2046	2035	2045	2026	2056
2058	2059	2179	2180	2061	2182
2061	2063	2060	2062	2059	2065
2061	2063	2182	2184	2066	2187
2065	2068	2064	2067	2062	2071
2066	2069	2065	2068	2063	2072
2066	2069	2187	2190	2073	2194
2071	2075	2070	2074	2067	2079
2072	2076	2071	2075	2068	2080
2073	2077	2072	2076	2069	2081
2073	2077	2194	2198	2082	2203
2079	2084	2078	2083	2074	2089
2080	2085	2079	2084	2075	2090
2081	2086	2080	2085	2076	2091
2082	2087	2081	2086	2077	2092
2082	2087	2203	2208	2093	2214
2089	2095	2088	2094	2083	2101
2090	2096	2089	2095	2084	2102
2091	2097	2090	2096	2085	2103
2092	2098	2091	2097	2086	2104
2093	2099	2092	2098	2087	2105
2093	2099	2214	2220	2106	2227
2101	2108	2100	2107	2094	2115
2102	2109	2101	2108	2095	2116
2103	2110	2102	2109	2096	2117
2104	2111	2103	2110	2097	2118
2105	2112	2104	2111	2098	2119
2106	2113	2105	2112	2099	2120
2106	2113	2227	2234	2121	2242
2115	2123	2114	2122	2107	2131
2116	2124	2115	2123	2108	2132
2117	2125	2116	2124	2109	2133
2118	2126	2117	2125	2110	2134
2119	2127	2118	2126	2111	2135
2120	2128	2119	2127	2112	2136
2121	2129	2120	2128	2113	2137
2121	2129	2242	2250	2138	2259
2131	2140	2130	2139	2122	2149
2132	2141	2131	2140	2123	2150
2133	2142	2132	2141	2124	2151
2134	2143	2133	2142	2125	2152
2135	2144	2134	2143	2126	2153
2136	2145	2135	2144	2127	2154
2137	2146	2136	2145	2128	2155
2138	2147	2137	2146	2129	2156
2138	2147	2259	2268	2157	2278
2149	2159	2148	2158	2139	2169
2150	2160	2149	2159	2140	2170
2151	2161	2150	2160	2141	2171
2152	2162	2151	2161	2142	2172
2153	2163	2152	2162	2143	2173
2154	2164	2153	2163	2144	2174
2155	2165	2154	2164	2145	2175
2156	2166	2155	2165	2146	2176
2157	2167	2156	2166	2147	2177
2157	2167	2278	2288	2178	2299
2179	2180	2300	2301	2181	2302
2181	2183	2302	2304	2185	2306
2182	2184	2181	2183	2180	2186
2185	2188	2306	2309	2191	2312
2186	2189	2185	2188	2183	2192
2187	2190	2186	2189	2184	2193
2191	2195	2312	2316	2199	2320
2192	2196	2191	2195	2188	2200
2193	2197	2192	2196	2189	2201
2194	2198	2193	2197	2190	2202
2199	2204	2320	2325	2209	2330
2200	2205	2199	2204	2195	2210
2201	2206	2200	2205	2196	2211
2202	2207	2201	2206	2197	2212
2203	2208	2202	2207	2198	2213
2209	2215	2330	2336	2221	2342
2210	2216	2209	2215	2204	2222
2211	2217	2210	2216	2205	2223
2212	2218	2211	2217	2206	2224
2213	2219	2212	2218	2207	2225
2214	2220	2213	2219	2208	2226
2221	2228	2342	2349	2235	2356
2222	2229	2221	2228	2215	2236
2223	2230	2222	2229	2216	2237
2224	2231	2223	2230	2217	2238
2225	2232	2224	2231	2218	2239
2226	2233	2225	2232	2219	2240
2227	2234	2226	2233	2220	2241
2235	2243	2356	2364	2251	2372
2236	2244	2235	2243	2228	2252
2237	2245	2236	2244	2229	2253
2238	2246	2237	2245	2230	2254
2239	2247	2238	2246	2231	2255
2240	2248	2239	2247	2232	2256
2241	2249	2240	2248	2233	2257
2242	2250	2241	2249	2234	2258
2251	2260	2372	2381	2269	2390
2252	2261	2251	2260	2243	2270
2253	2262	2252	2261	2244	2271
2254	2263	2253	2262	2245	2272
2255	2264	2254	2263	2246	2273
2256	2265	2255	2264	2247	2274
2257	2266	2256	2265	2248	2275
2258	2267	2257	2266	2249	2276
2259	2268	2258	2267	2250	2277
2269	2279	2390	2400	2289	2410
2270	2280	2269	2279	2260	2290
2271	2281	2270	2280	2261	2291
2272	2282	2271	2281	2262	2292
2273	2283	2272	2282	2263	2293
2274	2284	2273	2283	2264	2294
2275	2285	2274	2284	2265	2295
2276	2286	2275	2285	2266	2296
2277	2287	2276	2286	2267	2297
2278	2288	2277	2287	2268	2298
2303	2305	2302	2304	2301	2307
2307	2310	2306	2309	2304	2313
2308	2311	2307	2310	2305	2314
2313	2317	2312	2316	2309	2321
2314	2318	2313	2317	2310	2322
2315	2319	2314	2318	2311	2323
2321	2326	2320	2325	2316	2331
2322	2327	2321	2326	2317	2332
2323	2328	2322	2327	2318	2333
2324	2329	2323	2328	2319	2334
2331	2337	2330	2336	2325	2343
2332	2338	2331	2337	2326	2344
2333	2339	2332	2338	2327	2345
2334	2340	2333	2339	2328	2346
2335	2341	2334	2340	2329	2347
2343	2350	2342	2349	2336	2357
2344	2351	2343	2350	2337	2358
2345	2352	2344	2351	2338	2359
2346	2353	2345	2352	2339	2360
2347	2354	2346	2353	2340	2361
2348	2355	2347	2354	2341	2362
2357	2365	2356	2364	2349	2373
2358	2366	2357	2365	2350	2374
2359	2367	2358	2366	2351	2375
2360	2368	2359	2367	2352	2376
2361	2369	2360	2368	2353	2377
2362	2370	2361	2369	2354	2378
2363	2371	2362	2370	2355	2379
2373	2382	2372	2381	2364	2391
2374	2383	2373	2382	2365	2392
2375	2384	2374	2383	2366	2393
2376	2385	2375	2384	2367	2394
2377	2386	2376	2385	2368	2395
2378	2387	2377	2386	2369	2396
2379	2388	2378	2387	2370	2397
2380	2389	2379	2388	2371	2398
2391	2401	2390	2400	2381	2411
2392	2402	2391	2401	2382	2412
2393	2403	2392	2402	2383	2413
2394	2404	2393	2403	2384	2414
2395	2405	2394	2404	2385	2415
2396	2406	2395	2405	2386	2416
2397	2407	2396	2406	2387	2417
2398	2408	2397	2407	2388	2418
2399	2409	2398	2408	2389	2419
