0.0	0.5276274443635185	0.8494758854460922
0.0	0.45304511232476835	0.8914875917244378
0.08100755457480606	0.5031550598048796	0.8603910517285484
0.0	0.36758656785779215	0.9299893091485131
0.0849722043566572	0.4222242707039886	0.9025000774045703
0.16893878124805825	0.47219153031808675	0.865155966798059
0.0	0.2717066598573454	0.9623801177233271
0.08849325071963614	0.32979018136178573	0.9398975374233258
0.17690990424992184	0.3845886951168385	0.9059770534437452
0.26213463571709333	0.434179648234716	0.8618430633336008
0.0	0.16701732662568136	0.9859539606933027
0.09129436690464433	0.22681945100483822	0.9696485317976529
0.18368864187880368	0.2852322541864234	0.9406917901291858
0.27366245241816195	0.3399550778579714	0.8997440787107508
0.3579724979304108	0.3891025108246099	0.8487961632779959
0.0	0.056375758112246516	0.9984096222980173
0.09310834381868333	0.11566312437974265	0.9889150003767048
0.18866610576066908	0.1757767646957583	0.9661819857201831
0.28289476639772476	0.2342825659531816	0.9300979681921522
0.37203228631653573	0.2888464049024017	0.8821336249758588
0.45304921165670264	0.3376781403396328	0.8250575042710705
0.0	-0.05637575811224649	0.9984096222980173
0.0937374629225211	2.5267613400370555e-17	0.9955969506004169
0.191311525870408	0.059413818097544036	0.979729502611924
0.2889038002997574	0.11962950836759825	0.9498543966840837
0.38238126859843924	0.17812882182387565	0.9066723158124362
0.46811899386533706	0.2326068886689908	0.8525014034746431
0.5436590539880432	0.28139845028302735	0.7907273519963355
0.0	-0.16701732662568136	0.9859539606933027
0.09310834381868333	-0.11566312437974265	0.9889150003767048
0.191311525870408	-0.059413818097544036	0.979729502611924
0.2909935401037652	0.0	0.9567250177652292
0.38789048911138263	0.060231747295356804	0.919735345126347
0.4779162086867804	0.11873754729453594	0.8703433186604762
0.5579817012340554	0.1732871197804096	0.8115589905891988
0.6264518713782189	0.22234429189977709	0.7470750087550206
0.0	-0.2717066598573454	0.9623801177233271
0.09129436690464433	-0.22681945100483822	0.9696485317976529
0.18866610576066908	-0.17577676469575826	0.9661819857201831
0.28890380029975743	-0.11962950836759823	0.9498543966840837
0.3878904891113827	-0.06023174729535681	0.9197353451263468
0.48132123180365266	0.0	0.8765442782968893
0.5655809791867532	0.05854905197852541	0.8226117945267801
0.63839885184579	0.11329229518542241	0.7613223770608585
0.6990256952455823	0.1628173680880185	0.6963142839518094
0.0	-0.36758656785779215	0.9299893091485131
0.08849325071963615	-0.3297901813617858	0.9398975374233258
0.18368864187880365	-0.28523225418642345	0.9406917901291858
0.28289476639772476	-0.23428256595318167	0.9300979681921522
0.38238126859843924	-0.17812882182387568	0.9066723158124362
0.4779162086867804	-0.11873754729453594	0.8703433186604762
0.5655809791867531	-0.05854905197852546	0.82261179452678
0.64253568802581	-1.649525311469081e-17	0.7662557599217112
0.707410086310321	0.05492342136364516	0.7046661532755322
0.7602245156162619	0.10493145118179702	0.641130311566145
0.0	-0.45304511232476835	0.8914875917244378
0.08497220435665717	-0.4222242707039886	0.9025000774045703
0.17690990424992184	-0.3845886951168385	0.9059770534437452
0.27366245241816195	-0.33995507785797147	0.8997440787107509
0.3720322863165356	-0.28884640490240165	0.8821336249758588
0.46811899386533706	-0.23260688866899076	0.8525014034746431
0.5579817012340554	-0.1732871197804096	0.8115589905891988
0.63839885184579	-0.11329229518542247	0.7613223770608586
0.707410086310321	-0.05492342136364518	0.7046661532755322
0.764444665200949	2.2895734135239574e-17	0.6446893467754908
0.8100755457480604	0.05031550598048798	0.5841626143796858
0.0	-0.5276274443635185	0.8494758854460922
0.08100755457480606	-0.5031550598048796	0.8603910517285484
0.16893878124805825	-0.47219153031808675	0.865155966798059
0.26213463571709333	-0.434179648234716	0.8618430633336008
0.3579724979304108	-0.3891025108246099	0.8487961632779959
0.45304921165670264	-0.3376781403396328	0.8250575042710705
0.5436590539880432	-0.28139845028302735	0.7907273519963355
0.6264518713782189	-0.22234429189977709	0.7470750087550206
0.6990256952455823	-0.1628173680880185	0.6963142839518094
0.7602245156162619	-0.10493145118179702	0.641130311566145
0.8100755457480604	-0.05031550598048798	0.5841626143796858
0.8494758854460922	0.0	0.5276274443635185
-0.08100755457480606	0.5031550598048796	0.8603910517285484
-0.0849722043566572	0.4222242707039886	0.9025000774045703
-0.16893878124805825	0.47219153031808675	0.865155966798059
-0.08849325071963614	0.32979018136178573	0.9398975374233258
-0.17690990424992184	0.3845886951168385	0.9059770534437452
-0.26213463571709333	0.434179648234716	0.8618430633336008
-0.09129436690464433	0.22681945100483822	0.9696485317976529
-0.18368864187880368	0.2852322541864234	0.9406917901291858
-0.27366245241816195	0.3399550778579714	0.8997440787107508
-0.3579724979304108	0.3891025108246099	0.8487961632779959
-0.09310834381868333	0.11566312437974265	0.9889150003767048
-0.18866610576066908	0.1757767646957583	0.9661819857201831
-0.28289476639772476	0.2342825659531816	0.9300979681921522
-0.37203228631653573	0.2888464049024017	0.8821336249758588
-0.45304921165670264	0.3376781403396328	0.8250575042710705
-0.0937374629225211	2.5267613400370555e-17	0.9955969506004169
-0.191311525870408	0.059413818097544036	0.979729502611924
-0.2889038002997574	0.11962950836759825	0.9498543966840837
-0.38238126859843924	0.17812882182387565	0.9066723158124362
-0.46811899386533706	0.2326068886689908	0.8525014034746431
-0.5436590539880432	0.28139845028302735	0.7907273519963355
-0.09310834381868333	-0.11566312437974265	0.9889150003767048
-0.191311525870408	-0.059413818097544036	0.979729502611924
-0.2909935401037652	0.0	0.9567250177652292
-0.38789048911138263	0.060231747295356804	0.919735345126347
-0.4779162086867804	0.11873754729453594	0.8703433186604762
-0.5579817012340554	0.1732871197804096	0.8115589905891988
-0.6264518713782189	0.22234429189977709	0.7470750087550206
-0.09129436690464433	-0.22681945100483822	0.9696485317976529
-0.18866610576066908	-0.17577676469575826	0.9661819857201831
-0.28890380029975743	-0.11962950836759823	0.9498543966840837
-0.3878904891113827	-0.06023174729535681	0.9197353451263468
-0.48132123180365266	0.0	0.8765442782968893
-0.5655809791867532	0.05854905197852541	0.8226117945267801
-0.63839885184579	0.11329229518542241	0.7613223770608585
-0.6990256952455823	0.1628173680880185	0.6963142839518094
-0.08849325071963615	-0.3297901813617858	0.9398975374233258
-0.18368864187880365	-0.28523225418642345	0.9406917901291858
-0.28289476639772476	-0.23428256595318167	0.9300979681921522
-0.38238126859843924	-0.17812882182387568	0.9066723158124362
-0.4779162086867804	-0.11873754729453594	0.8703433186604762
-0.5655809791867531	-0.05854905197852546	0.82261179452678
-0.64253568802581	-1.649525311469081e-17	0.7662557599217112
-0.707410086310321	0.05492342136364516	0.7046661532755322
-0.7602245156162619	0.10493145118179702	0.641130311566145
-0.08497220435665717	-0.4222242707039886	0.9025000774045703
-0.17690990424992184	-0.3845886951168385	0.9059770534437452
-0.27366245241816195	-0.33995507785797147	0.8997440787107509
-0.3720322863165356	-0.28884640490240165	0.8821336249758588
-0.46811899386533706	-0.23260688866899076	0.8525014034746431
-0.5579817012340554	-0.1732871197804096	0.8115589905891988
-0.63839885184579	-0.11329229518542247	0.7613223770608586
-0.707410086310321	-0.05492342136364518	0.7046661532755322
-0.764444665200949	2.2895734135239574e-17	0.6446893467754908
-0.8100755457480604	0.05031550598048798	0.5841626143796858
-0.08100755457480606	-0.5031550598048796	0.8603910517285484
-0.16893878124805825	-0.47219153031808675	0.865155966798059
-0.26213463571709333	-0.434179648234716	0.8618430633336008
-0.3579724979304108	-0.3891025108246099	0.8487961632779959
-0.45304921165670264	-0.3376781403396328	0.8250575042710705
-0.5436590539880432	-0.28139845028302735	0.7907273519963355
-0.6264518713782189	-0.22234429189977709	0.7470750087550206
-0.6990256952455823	-0.1628173680880185	0.6963142839518094
-0.7602245156162619	-0.10493145118179702	0.641130311566145
-0.8100755457480604	-0.05031550598048798	0.5841626143796858
-0.8494758854460922	0.0	0.5276274443635185
0.050315505980487965	0.5841626143796858	0.8100755457480604
-0.050315505980487965	0.5841626143796858	0.8100755457480604
0.10493145118179706	0.641130311566145	0.7602245156162619
0.0	0.6446893467754908	0.764444665200949
-0.10493145118179706	0.641130311566145	0.7602245156162619
0.1628173680880185	0.6963142839518094	0.6990256952455823
0.05492342136364522	0.704666153275532	0.707410086310321
-0.054923421363645204	0.7046661532755322	0.7074100863103211
-0.1628173680880185	0.6963142839518094	0.6990256952455823
0.22234429189977709	0.7470750087550206	0.6264518713782189
0.11329229518542241	0.7613223770608585	0.63839885184579
0.0	0.7662557599217112	0.64253568802581
-0.11329229518542241	0.7613223770608585	0.63839885184579
-0.22234429189977709	0.7470750087550206	0.6264518713782189
0.28139845028302735	0.7907273519963354	0.5436590539880432
0.17328711978040962	0.8115589905891988	0.5579817012340554
0.05854905197852541	0.82261179452678	0.5655809791867531
-0.05854905197852541	0.82261179452678	0.5655809791867531
-0.17328711978040962	0.8115589905891988	0.5579817012340554
-0.28139845028302735	0.7907273519963354	0.5436590539880432
0.3376781403396328	0.8250575042710705	0.4530492116567027
0.23260688866899076	0.8525014034746431	0.4681189938653372
0.11873754729453596	0.8703433186604764	0.4779162086867804
0.0	0.8765442782968893	0.4813212318036527
-0.11873754729453592	0.8703433186604764	0.4779162086867805
-0.2326068886689908	0.8525014034746431	0.46811899386533723
-0.3376781403396328	0.8250575042710705	0.4530492116567027
0.3891025108246099	0.8487961632779959	0.3579724979304108
0.28884640490240165	0.8821336249758588	0.3720322863165357
0.17812882182387565	0.9066723158124362	0.3823812685984393
0.060231747295356824	0.919735345126347	0.38789048911138263
-0.060231747295356824	0.919735345126347	0.3878904891113827
-0.17812882182387565	0.9066723158124362	0.3823812685984393
-0.28884640490240165	0.8821336249758588	0.3720322863165357
-0.3891025108246099	0.8487961632779959	0.3579724979304108
0.434179648234716	0.8618430633336008	0.26213463571709333
0.3399550778579714	0.8997440787107508	0.2736624524181619
0.2342825659531816	0.9300979681921523	0.28289476639772476
0.11962950836759823	0.9498543966840838	0.2889038002997574
0.0	0.9567250177652293	0.2909935401037652
-0.11962950836759823	0.9498543966840838	0.2889038002997574
-0.2342825659531816	0.9300979681921523	0.28289476639772476
-0.3399550778579714	0.8997440787107508	0.2736624524181619
-0.434179648234716	0.8618430633336008	0.26213463571709333
0.47219153031808675	0.8651559667980591	0.16893878124805817
0.38458869511683863	0.9059770534437452	0.17690990424992184
0.28523225418642345	0.9406917901291859	0.18368864187880363
0.17577676469575834	0.9661819857201831	0.18866610576066903
0.05941381809754402	0.9797295026119242	0.19131152587040798
-0.05941381809754402	0.9797295026119242	0.19131152587040798
-0.17577676469575826	0.9661819857201831	0.18866610576066903
-0.28523225418642345	0.9406917901291859	0.18368864187880363
-0.38458869511683863	0.9059770534437454	0.17690990424992187
-0.47219153031808675	0.8651559667980591	0.16893878124805817
0.5031550598048797	0.8603910517285485	0.08100755457480609
0.42222427070398855	0.9025000774045703	0.0849722043566572
0.32979018136178573	0.9398975374233257	0.08849325071963617
0.22681945100483827	0.9696485317976529	0.09129436690464438
0.11566312437974267	0.9889150003767049	0.09310834381868338
0.0	0.995596950600417	0.09373746292252115
-0.11566312437974267	0.9889150003767049	0.09310834381868338
-0.22681945100483822	0.9696485317976529	0.09129436690464436
-0.32979018136178573	0.9398975374233257	0.08849325071963617
-0.4222242707039886	0.9025000774045703	0.0849722043566572
-0.5031550598048797	0.8603910517285485	0.08100755457480609
0.5276274443635185	0.8494758854460922	0.0
0.45304511232476835	0.8914875917244378	0.0
0.36758656785779215	0.9299893091485131	0.0
0.2717066598573454	0.9623801177233271	0.0
0.16701732662568136	0.9859539606933027	0.0
0.056375758112246516	0.9984096222980173	0.0
-0.05637575811224649	0.9984096222980173	0.0
-0.16701732662568136	0.9859539606933027	0.0
-0.2717066598573454	0.9623801177233271	0.0
-0.36758656785779215	0.9299893091485131	0.0
-0.45304511232476835	0.8914875917244378	0.0
-0.5276274443635185	0.8494758854460922	0.0
-0.13768840231539475	0.5597231371654604	0.8171608859884871
-0.19825167311413988	0.6161732860315363	0.762251110650908
-0.23175089137583754	0.5277565828190246	0.8171685956017221
-0.26109324771682313	0.6700069842422216	0.6949251449352836
-0.29753874648962336	0.5825384357125613	0.7563859234907441
-0.33018870751747814	0.4876387655333188	0.8081979038435315
-0.3239689804222372	0.7183902691883237	0.6155968817819856
-0.36404001098601624	0.633851245966913	0.6824276286812346
-0.3997413006658765	0.5396224699617937	0.7409551150064938
-0.4296474429380112	0.43946611092236215	0.7888425775321731
-0.38426600956910056	0.7586477987024198	0.5261113488738032
-0.4284251750913105	0.6788339475764164	0.5963525307783972
-0.46789834252653373	0.5874129794435919	0.660315933960498
-0.5008175449702117	0.4877639759600454	0.715030132515867
-0.5261113488738032	0.38426600956910056	0.7586477987024198
-0.4394661109223621	0.788842577532173	0.42964744293801116
-0.4877639759600454	0.715030132515867	0.5008175449702117
-0.53143047380397	0.6283275407216934	0.5681427224589933
-0.5681427224589933	0.53143047380397	0.6283275407216934
-0.5963525307783972	0.4284251750913105	0.6788339475764164
-0.6155968817819856	0.32396898042223726	0.7183902691883237
-0.48763876553331875	0.8081979038435315	0.33018870751747803
-0.5396224699617936	0.7409551150064938	0.39974130066587643
-0.5874129794435919	0.660315933960498	0.46789834252653373
-0.6283275407216934	0.5681427224589934	0.53143047380397
-0.660315933960498	0.46789834252653373	0.5874129794435919
-0.6824276286812346	0.3640400109860162	0.6338512459669131
-0.6949251449352836	0.26109324771682313	0.6700069842422216
-0.5277565828190246	0.8171685956017222	0.23175089137583751
-0.5825384357125613	0.7563859234907441	0.29753874648962336
-0.6338512459669131	0.6824276286812346	0.3640400109860162
-0.6788339475764164	0.5963525307783972	0.4284251750913105
-0.715030132515867	0.5008175449702117	0.4877639759600454
-0.7409551150064938	0.39974130066587654	0.5396224699617936
-0.7563859234907441	0.29753874648962336	0.5825384357125613
-0.762251110650908	0.19825167311414	0.6161732860315364
-0.5597231371654604	0.8171608859884872	0.1376884023153948
-0.6161732860315363	0.7622511106509079	0.19825167311414
-0.6700069842422217	0.6949251449352836	0.2610932477168232
-0.7183902691883237	0.6155968817819855	0.32396898042223726
-0.7586477987024197	0.5261113488738032	0.3842660095691006
-0.7888425775321731	0.4296474429380112	0.43946611092236226
-0.8081979038435315	0.3301887075174782	0.487638765533319
-0.8171685956017222	0.2317508913758376	0.5277565828190247
-0.817160885988487	0.13768840231539473	0.5597231371654604
-0.5841626143796859	0.8100755457480605	0.05031550598048797
-0.641130311566145	0.7602245156162619	0.10493145118179706
-0.6963142839518093	0.6990256952455822	0.1628173680880185
-0.7470750087550206	0.6264518713782189	0.22234429189977709
-0.7907273519963354	0.5436590539880432	0.28139845028302735
-0.8250575042710705	0.4530492116567027	0.3376781403396328
-0.8487961632779959	0.3579724979304108	0.3891025108246099
-0.8618430633336008	0.26213463571709333	0.434179648234716
-0.8651559667980591	0.16893878124805817	0.47219153031808675
-0.8603910517285484	0.08100755457480607	0.5031550598048796
0.0	0.5276274443635185	-0.8494758854460922
0.050315505980487965	0.5841626143796858	-0.8100755457480604
-0.050315505980487965	0.5841626143796858	-0.8100755457480604
0.10493145118179706	0.641130311566145	-0.7602245156162619
0.0	0.6446893467754908	-0.764444665200949
-0.10493145118179706	0.641130311566145	-0.7602245156162619
0.1628173680880185	0.6963142839518094	-0.6990256952455823
0.05492342136364522	0.704666153275532	-0.707410086310321
-0.054923421363645204	0.7046661532755322	-0.7074100863103211
-0.1628173680880185	0.6963142839518094	-0.6990256952455823
0.22234429189977709	0.7470750087550206	-0.6264518713782189
0.11329229518542241	0.7613223770608585	-0.63839885184579
0.0	0.7662557599217112	-0.64253568802581
-0.11329229518542241	0.7613223770608585	-0.63839885184579
-0.22234429189977709	0.7470750087550206	-0.6264518713782189
0.28139845028302735	0.7907273519963354	-0.5436590539880432
0.17328711978040962	0.8115589905891988	-0.5579817012340554
0.05854905197852541	0.82261179452678	-0.5655809791867531
-0.05854905197852541	0.82261179452678	-0.5655809791867531
-0.17328711978040962	0.8115589905891988	-0.5579817012340554
-0.28139845028302735	0.7907273519963354	-0.5436590539880432
0.3376781403396328	0.8250575042710705	-0.4530492116567027
0.23260688866899076	0.8525014034746431	-0.4681189938653372
0.11873754729453596	0.8703433186604764	-0.4779162086867804
0.0	0.8765442782968893	-0.4813212318036527
-0.11873754729453592	0.8703433186604764	-0.4779162086867805
-0.2326068886689908	0.8525014034746431	-0.46811899386533723
-0.3376781403396328	0.8250575042710705	-0.4530492116567027
0.3891025108246099	0.8487961632779959	-0.3579724979304108
0.28884640490240165	0.8821336249758588	-0.3720322863165357
0.17812882182387565	0.9066723158124362	-0.3823812685984393
0.060231747295356824	0.919735345126347	-0.38789048911138263
-0.060231747295356824	0.919735345126347	-0.3878904891113827
-0.17812882182387565	0.9066723158124362	-0.3823812685984393
-0.28884640490240165	0.8821336249758588	-0.3720322863165357
-0.3891025108246099	0.8487961632779959	-0.3579724979304108
0.434179648234716	0.8618430633336008	-0.26213463571709333
0.3399550778579714	0.8997440787107508	-0.2736624524181619
0.2342825659531816	0.9300979681921523	-0.28289476639772476
0.11962950836759823	0.9498543966840838	-0.2889038002997574
0.0	0.9567250177652293	-0.2909935401037652
-0.11962950836759823	0.9498543966840838	-0.2889038002997574
-0.2342825659531816	0.9300979681921523	-0.28289476639772476
-0.3399550778579714	0.8997440787107508	-0.2736624524181619
-0.434179648234716	0.8618430633336008	-0.26213463571709333
0.47219153031808675	0.8651559667980591	-0.16893878124805817
0.38458869511683863	0.9059770534437452	-0.17690990424992184
0.28523225418642345	0.9406917901291859	-0.18368864187880363
0.17577676469575834	0.9661819857201831	-0.18866610576066903
0.05941381809754402	0.9797295026119242	-0.19131152587040798
-0.05941381809754402	0.9797295026119242	-0.19131152587040798
-0.17577676469575826	0.9661819857201831	-0.18866610576066903
-0.28523225418642345	0.9406917901291859	-0.18368864187880363
-0.38458869511683863	0.9059770534437454	-0.17690990424992187
-0.47219153031808675	0.8651559667980591	-0.16893878124805817
0.5031550598048797	0.8603910517285485	-0.08100755457480609
0.42222427070398855	0.9025000774045703	-0.0849722043566572
0.32979018136178573	0.9398975374233257	-0.08849325071963617
0.22681945100483827	0.9696485317976529	-0.09129436690464438
0.11566312437974267	0.9889150003767049	-0.09310834381868338
0.0	0.995596950600417	-0.09373746292252115
-0.11566312437974267	0.9889150003767049	-0.09310834381868338
-0.22681945100483822	0.9696485317976529	-0.09129436690464436
-0.32979018136178573	0.9398975374233257	-0.08849325071963617
-0.4222242707039886	0.9025000774045703	-0.0849722043566572
-0.5031550598048797	0.8603910517285485	-0.08100755457480609
-0.08100755457480606	0.5031550598048796	-0.8603910517285484
-0.16893878124805825	0.47219153031808675	-0.865155966798059
-0.13768840231539475	0.5597231371654604	-0.8171608859884871
-0.26213463571709333	0.434179648234716	-0.8618430633336008
-0.23175089137583754	0.5277565828190245	-0.8171685956017221
-0.1982516731141399	0.6161732860315362	-0.7622511106509081
-0.3579724979304108	0.3891025108246099	-0.8487961632779959
-0.33018870751747814	0.4876387655333188	-0.8081979038435315
-0.29753874648962336	0.5825384357125613	-0.7563859234907441
-0.26109324771682313	0.6700069842422216	-0.6949251449352836
-0.45304921165670264	0.3376781403396328	-0.8250575042710705
-0.4296474429380112	0.43946611092236226	-0.7888425775321731
-0.3997413006658765	0.5396224699617937	-0.7409551150064938
-0.36404001098601624	0.633851245966913	-0.6824276286812346
-0.3239689804222372	0.7183902691883237	-0.6155968817819856
-0.5436590539880432	0.28139845028302735	-0.7907273519963355
-0.5261113488738032	0.3842660095691006	-0.7586477987024198
-0.5008175449702118	0.4877639759600454	-0.715030132515867
-0.46789834252653373	0.5874129794435919	-0.660315933960498
-0.4284251750913105	0.6788339475764164	-0.5963525307783972
-0.38426600956910056	0.7586477987024198	-0.5261113488738032
-0.6264518713782189	0.22234429189977709	-0.7470750087550206
-0.6155968817819856	0.3239689804222372	-0.7183902691883236
-0.5963525307783972	0.4284251750913105	-0.6788339475764164
-0.5681427224589933	0.5314304738039699	-0.6283275407216934
-0.53143047380397	0.6283275407216934	-0.5681427224589933
-0.4877639759600454	0.715030132515867	-0.5008175449702117
-0.43946611092236226	0.788842577532173	-0.4296474429380112
-0.6990256952455823	0.1628173680880185	-0.6963142839518094
-0.6949251449352836	0.26109324771682313	-0.6700069842422216
-0.6824276286812346	0.3640400109860162	-0.6338512459669131
-0.660315933960498	0.46789834252653373	-0.5874129794435919
-0.6283275407216934	0.5681427224589934	-0.53143047380397
-0.5874129794435919	0.660315933960498	-0.46789834252653373
-0.5396224699617936	0.7409551150064938	-0.39974130066587643
-0.48763876553331875	0.8081979038435315	-0.33018870751747803
-0.7602245156162619	0.10493145118179702	-0.641130311566145
-0.762251110650908	0.19825167311413994	-0.6161732860315364
-0.7563859234907441	0.29753874648962336	-0.5825384357125613
-0.7409551150064938	0.39974130066587643	-0.5396224699617936
-0.715030132515867	0.5008175449702117	-0.4877639759600454
-0.6788339475764164	0.5963525307783972	-0.4284251750913105
-0.6338512459669131	0.6824276286812345	-0.3640400109860162
-0.5825384357125613	0.7563859234907441	-0.29753874648962336
-0.5277565828190247	0.8171685956017222	-0.2317508913758376
-0.8100755457480604	0.05031550598048798	-0.5841626143796858
-0.817160885988487	0.13768840231539473	-0.5597231371654604
-0.8171685956017222	0.2317508913758376	-0.5277565828190247
-0.8081979038435315	0.3301887075174781	-0.487638765533319
-0.7888425775321731	0.4296474429380112	-0.43946611092236226
-0.7586477987024197	0.5261113488738032	-0.3842660095691006
-0.7183902691883237	0.6155968817819855	-0.32396898042223726
-0.6700069842422216	0.6949251449352836	-0.2610932477168232
-0.6161732860315363	0.7622511106509079	-0.19825167311413994
-0.5597231371654604	0.8171608859884872	-0.1376884023153948
-0.8494758854460922	0.0	-0.5276274443635185
-0.8603910517285484	0.08100755457480606	-0.5031550598048796
-0.865155966798059	0.16893878124805825	-0.47219153031808675
-0.8618430633336008	0.26213463571709333	-0.434179648234716
-0.8487961632779959	0.3579724979304108	-0.3891025108246099
-0.8250575042710705	0.45304921165670264	-0.3376781403396328
-0.7907273519963355	0.5436590539880432	-0.28139845028302735
-0.7470750087550206	0.6264518713782189	-0.22234429189977709
-0.6963142839518093	0.6990256952455822	-0.1628173680880185
-0.641130311566145	0.7602245156162619	-0.10493145118179702
-0.5841626143796859	0.8100755457480605	-0.050315505980487986
0.08100755457480606	0.5031550598048796	-0.8603910517285484
0.13768840231539475	0.5597231371654604	-0.8171608859884871
0.16893878124805825	0.47219153031808675	-0.865155966798059
0.19825167311413988	0.6161732860315363	-0.762251110650908
0.23175089137583754	0.5277565828190246	-0.8171685956017221
0.26213463571709333	0.434179648234716	-0.8618430633336008
0.26109324771682313	0.6700069842422216	-0.6949251449352836
0.29753874648962336	0.5825384357125613	-0.7563859234907441
0.33018870751747814	0.4876387655333188	-0.8081979038435315
0.3579724979304108	0.3891025108246099	-0.8487961632779959
0.3239689804222372	0.7183902691883237	-0.6155968817819856
0.36404001098601624	0.633851245966913	-0.6824276286812346
0.3997413006658765	0.5396224699617937	-0.7409551150064938
0.4296474429380112	0.43946611092236215	-0.7888425775321731
0.45304921165670264	0.3376781403396328	-0.8250575042710705
0.38426600956910056	0.7586477987024198	-0.5261113488738032
0.4284251750913105	0.6788339475764164	-0.5963525307783972
0.46789834252653373	0.5874129794435919	-0.660315933960498
0.5008175449702117	0.4877639759600454	-0.715030132515867
0.5261113488738032	0.38426600956910056	-0.7586477987024198
0.5436590539880432	0.28139845028302735	-0.7907273519963355
0.4394661109223621	0.788842577532173	-0.42964744293801116
0.4877639759600454	0.715030132515867	-0.5008175449702117
0.53143047380397	0.6283275407216934	-0.5681427224589933
0.5681427224589933	0.53143047380397	-0.6283275407216934
0.5963525307783972	0.4284251750913105	-0.6788339475764164
0.6155968817819856	0.32396898042223726	-0.7183902691883237
0.6264518713782189	0.22234429189977709	-0.7470750087550206
0.48763876553331875	0.8081979038435315	-0.33018870751747803
0.5396224699617936	0.7409551150064938	-0.39974130066587643
0.5874129794435919	0.660315933960498	-0.46789834252653373
0.6283275407216934	0.5681427224589934	-0.53143047380397
0.660315933960498	0.46789834252653373	-0.5874129794435919
0.6824276286812346	0.3640400109860162	-0.6338512459669131
0.6949251449352836	0.26109324771682313	-0.6700069842422216
0.6990256952455823	0.1628173680880185	-0.6963142839518094
0.5277565828190246	0.8171685956017222	-0.23175089137583751
0.5825384357125613	0.7563859234907441	-0.29753874648962336
0.6338512459669131	0.6824276286812346	-0.3640400109860162
0.6788339475764164	0.5963525307783972	-0.4284251750913105
0.715030132515867	0.5008175449702117	-0.4877639759600454
0.7409551150064938	0.39974130066587654	-0.5396224699617936
0.7563859234907441	0.29753874648962336	-0.5825384357125613
0.762251110650908	0.19825167311414	-0.6161732860315364
0.7602245156162619	0.10493145118179702	-0.641130311566145
0.5597231371654604	0.8171608859884872	-0.1376884023153948
0.6161732860315363	0.7622511106509079	-0.19825167311414
0.6700069842422217	0.6949251449352836	-0.2610932477168232
0.7183902691883237	0.6155968817819855	-0.32396898042223726
0.7586477987024197	0.5261113488738032	-0.3842660095691006
0.7888425775321731	0.4296474429380112	-0.43946611092236226
0.8081979038435315	0.3301887075174782	-0.487638765533319
0.8171685956017222	0.2317508913758376	-0.5277565828190247
0.817160885988487	0.13768840231539473	-0.5597231371654604
0.8100755457480604	0.05031550598048798	-0.5841626143796858
0.5841626143796859	0.8100755457480605	-0.05031550598048797
0.641130311566145	0.7602245156162619	-0.10493145118179706
0.6963142839518093	0.6990256952455822	-0.1628173680880185
0.7470750087550206	0.6264518713782189	-0.22234429189977709
0.7907273519963354	0.5436590539880432	-0.28139845028302735
0.8250575042710705	0.4530492116567027	-0.3376781403396328
0.8487961632779959	0.3579724979304108	-0.3891025108246099
0.8618430633336008	0.26213463571709333	-0.434179648234716
0.8651559667980591	0.16893878124805817	-0.47219153031808675
0.8603910517285484	0.08100755457480607	-0.5031550598048796
0.8494758854460922	0.0	-0.5276274443635185
0.0	0.45304511232476835	-0.8914875917244378
0.0	0.36758656785779215	-0.9299893091485131
0.0849722043566572	0.4222242707039886	-0.9025000774045703
0.0	0.2717066598573454	-0.9623801177233271
0.08849325071963614	0.32979018136178573	-0.9398975374233258
0.17690990424992184	0.3845886951168385	-0.9059770534437452
0.0	0.16701732662568136	-0.9859539606933027
0.09129436690464433	0.22681945100483822	-0.9696485317976529
0.18368864187880368	0.2852322541864234	-0.9406917901291858
0.27366245241816195	0.3399550778579714	-0.8997440787107508
0.0	0.056375758112246516	-0.9984096222980173
0.09310834381868333	0.11566312437974265	-0.9889150003767048
0.18866610576066908	0.1757767646957583	-0.9661819857201831
0.28289476639772476	0.2342825659531816	-0.9300979681921522
0.37203228631653573	0.2888464049024017	-0.8821336249758588
0.0	-0.05637575811224649	-0.9984096222980173
0.0937374629225211	2.5267613400370555e-17	-0.9955969506004169
0.191311525870408	0.059413818097544036	-0.979729502611924
0.2889038002997574	0.11962950836759825	-0.9498543966840837
0.38238126859843924	0.17812882182387565	-0.9066723158124362
0.46811899386533706	0.2326068886689908	-0.8525014034746431
0.0	-0.16701732662568136	-0.9859539606933027
0.09310834381868333	-0.11566312437974265	-0.9889150003767048
0.191311525870408	-0.059413818097544036	-0.979729502611924
0.2909935401037652	0.0	-0.9567250177652292
0.38789048911138263	0.060231747295356804	-0.919735345126347
0.4779162086867804	0.11873754729453594	-0.8703433186604762
0.5579817012340554	0.1732871197804096	-0.8115589905891988
0.0	-0.2717066598573454	-0.9623801177233271
0.09129436690464433	-0.22681945100483822	-0.9696485317976529
0.18866610576066908	-0.17577676469575826	-0.9661819857201831
0.28890380029975743	-0.11962950836759823	-0.9498543966840837
0.3878904891113827	-0.06023174729535681	-0.9197353451263468
0.48132123180365266	0.0	-0.8765442782968893
0.5655809791867532	0.05854905197852541	-0.8226117945267801
0.63839885184579	0.11329229518542241	-0.7613223770608585
0.0	-0.36758656785779215	-0.9299893091485131
0.08849325071963615	-0.3297901813617858	-0.9398975374233258
0.18368864187880365	-0.28523225418642345	-0.9406917901291858
0.28289476639772476	-0.23428256595318167	-0.9300979681921522
0.38238126859843924	-0.17812882182387568	-0.9066723158124362
0.4779162086867804	-0.11873754729453594	-0.8703433186604762
0.5655809791867531	-0.05854905197852546	-0.82261179452678
0.64253568802581	-1.649525311469081e-17	-0.7662557599217112
0.707410086310321	0.05492342136364516	-0.7046661532755322
0.0	-0.45304511232476835	-0.8914875917244378
0.08497220435665717	-0.4222242707039886	-0.9025000774045703
0.17690990424992184	-0.3845886951168385	-0.9059770534437452
0.27366245241816195	-0.33995507785797147	-0.8997440787107509
0.3720322863165356	-0.28884640490240165	-0.8821336249758588
0.46811899386533706	-0.23260688866899076	-0.8525014034746431
0.5579817012340554	-0.1732871197804096	-0.8115589905891988
0.63839885184579	-0.11329229518542247	-0.7613223770608586
0.707410086310321	-0.05492342136364518	-0.7046661532755322
0.764444665200949	2.2895734135239574e-17	-0.6446893467754908
0.0	-0.5276274443635185	-0.8494758854460922
0.08100755457480606	-0.5031550598048796	-0.8603910517285484
0.16893878124805825	-0.47219153031808675	-0.865155966798059
0.26213463571709333	-0.434179648234716	-0.8618430633336008
0.3579724979304108	-0.3891025108246099	-0.8487961632779959
0.45304921165670264	-0.3376781403396328	-0.8250575042710705
0.5436590539880432	-0.28139845028302735	-0.7907273519963355
0.6264518713782189	-0.22234429189977709	-0.7470750087550206
0.6990256952455823	-0.1628173680880185	-0.6963142839518094
0.7602245156162619	-0.10493145118179702	-0.641130311566145
0.8100755457480604	-0.05031550598048798	-0.5841626143796858
-0.0849722043566572	0.4222242707039886	-0.9025000774045703
-0.08849325071963614	0.32979018136178573	-0.9398975374233258
-0.17690990424992184	0.3845886951168385	-0.9059770534437452
-0.09129436690464433	0.22681945100483822	-0.9696485317976529
-0.18368864187880368	0.2852322541864234	-0.9406917901291858
-0.27366245241816195	0.3399550778579714	-0.8997440787107508
-0.09310834381868333	0.11566312437974265	-0.9889150003767048
-0.18866610576066908	0.1757767646957583	-0.9661819857201831
-0.28289476639772476	0.2342825659531816	-0.9300979681921522
-0.37203228631653573	0.2888464049024017	-0.8821336249758588
-0.0937374629225211	2.5267613400370555e-17	-0.9955969506004169
-0.191311525870408	0.059413818097544036	-0.979729502611924
-0.2889038002997574	0.11962950836759825	-0.9498543966840837
-0.38238126859843924	0.17812882182387565	-0.9066723158124362
-0.46811899386533706	0.2326068886689908	-0.8525014034746431
-0.09310834381868333	-0.11566312437974265	-0.9889150003767048
-0.191311525870408	-0.059413818097544036	-0.979729502611924
-0.2909935401037652	0.0	-0.9567250177652292
-0.38789048911138263	0.060231747295356804	-0.919735345126347
-0.4779162086867804	0.11873754729453594	-0.8703433186604762
-0.5579817012340554	0.1732871197804096	-0.8115589905891988
-0.09129436690464433	-0.22681945100483822	-0.9696485317976529
-0.18866610576066908	-0.17577676469575826	-0.9661819857201831
-0.28890380029975743	-0.11962950836759823	-0.9498543966840837
-0.3878904891113827	-0.06023174729535681	-0.9197353451263468
-0.48132123180365266	0.0	-0.8765442782968893
-0.5655809791867532	0.05854905197852541	-0.8226117945267801
-0.63839885184579	0.11329229518542241	-0.7613223770608585
-0.08849325071963615	-0.3297901813617858	-0.9398975374233258
-0.18368864187880365	-0.28523225418642345	-0.9406917901291858
-0.28289476639772476	-0.23428256595318167	-0.9300979681921522
-0.38238126859843924	-0.17812882182387568	-0.9066723158124362
-0.4779162086867804	-0.11873754729453594	-0.8703433186604762
-0.5655809791867531	-0.05854905197852546	-0.82261179452678
-0.64253568802581	-1.649525311469081e-17	-0.7662557599217112
-0.707410086310321	0.05492342136364516	-0.7046661532755322
-0.08497220435665717	-0.4222242707039886	-0.9025000774045703
-0.17690990424992184	-0.3845886951168385	-0.9059770534437452
-0.27366245241816195	-0.33995507785797147	-0.8997440787107509
-0.3720322863165356	-0.28884640490240165	-0.8821336249758588
-0.46811899386533706	-0.23260688866899076	-0.8525014034746431
-0.5579817012340554	-0.1732871197804096	-0.8115589905891988
-0.63839885184579	-0.11329229518542247	-0.7613223770608586
-0.707410086310321	-0.05492342136364518	-0.7046661532755322
-0.764444665200949	2.2895734135239574e-17	-0.6446893467754908
-0.08100755457480606	-0.5031550598048796	-0.8603910517285484
-0.16893878124805825	-0.47219153031808675	-0.865155966798059
-0.26213463571709333	-0.434179648234716	-0.8618430633336008
-0.3579724979304108	-0.3891025108246099	-0.8487961632779959
-0.45304921165670264	-0.3376781403396328	-0.8250575042710705
-0.5436590539880432	-0.28139845028302735	-0.7907273519963355
-0.6264518713782189	-0.22234429189977709	-0.7470750087550206
-0.6990256952455823	-0.1628173680880185	-0.6963142839518094
-0.7602245156162619	-0.10493145118179702	-0.641130311566145
-0.8100755457480604	-0.05031550598048798	-0.5841626143796858
-0.8603910517285484	-0.08100755457480606	0.5031550598048796
-0.8914875917244378	0.0	0.45304511232476835
-0.865155966798059	-0.16893878124805825	0.47219153031808675
-0.9025000774045703	-0.0849722043566572	0.4222242707039886
-0.9299893091485131	0.0	0.36758656785779215
-0.8618430633336008	-0.26213463571709333	0.434179648234716
-0.9059770534437452	-0.1769099042499219	0.3845886951168386
-0.9398975374233257	-0.08849325071963615	0.3297901813617857
-0.9623801177233271	0.0	0.2717066598573454
-0.8487961632779959	-0.3579724979304108	0.3891025108246099
-0.8997440787107508	-0.27366245241816195	0.3399550778579714
-0.9406917901291858	-0.18368864187880368	0.2852322541864234
-0.9696485317976529	-0.09129436690464433	0.22681945100483822
-0.9859539606933027	0.0	0.16701732662568136
-0.8250575042710705	-0.45304921165670264	0.3376781403396328
-0.8821336249758588	-0.3720322863165356	0.28884640490240165
-0.9300979681921522	-0.28289476639772476	0.2342825659531816
-0.9661819857201831	-0.18866610576066908	0.1757767646957583
-0.9889150003767048	-0.09310834381868331	0.11566312437974263
-0.9984096222980173	0.0	0.056375758112246516
-0.7907273519963355	-0.5436590539880432	0.28139845028302735
-0.8525014034746431	-0.46811899386533706	0.2326068886689908
-0.9066723158124362	-0.3823812685984393	0.17812882182387568
-0.9498543966840837	-0.2889038002997574	0.11962950836759825
-0.979729502611924	-0.19131152587040806	0.05941381809754407
-0.9955969506004169	-0.09373746292252107	1.6845075600247037e-17
-0.9984096222980173	0.0	-0.05637575811224649
-0.7470750087550206	-0.6264518713782189	0.22234429189977709
-0.8115589905891988	-0.5579817012340554	0.17328711978040964
-0.8703433186604764	-0.4779162086867805	0.11873754729453595
-0.919735345126347	-0.38789048911138263	0.06023174729535681
-0.9567250177652292	-0.29099354010376527	1.743098233941266e-17
-0.9797295026119242	-0.19131152587040803	-0.05941381809754404
-0.9889150003767049	-0.09310834381868338	-0.11566312437974266
-0.9859539606933027	0.0	-0.16701732662568136
-0.6963142839518093	-0.6990256952455822	0.1628173680880185
-0.7613223770608586	-0.6383988518457901	0.11329229518542243
-0.8226117945267801	-0.5655809791867532	0.05854905197852541
-0.8765442782968893	-0.48132123180365266	0.0
-0.919735345126347	-0.3878904891113827	-0.060231747295356824
-0.9498543966840837	-0.28890380029975743	-0.11962950836759823
-0.966181985720183	-0.18866610576066906	-0.17577676469575826
-0.9696485317976529	-0.09129436690464433	-0.22681945100483822
-0.9623801177233271	0.0	-0.2717066598573454
-0.641130311566145	-0.7602245156162619	0.10493145118179702
-0.7046661532755321	-0.707410086310321	0.0549234213636452
-0.7662557599217112	-0.64253568802581	-1.649525311469081e-17
-0.82261179452678	-0.5655809791867532	-0.058549051978525425
-0.8703433186604764	-0.4779162086867805	-0.11873754729453595
-0.9066723158124362	-0.38238126859843924	-0.17812882182387568
-0.9300979681921522	-0.2828947663977248	-0.2342825659531816
-0.9406917901291859	-0.18368864187880365	-0.28523225418642345
-0.9398975374233257	-0.0884932507196362	-0.32979018136178573
-0.9299893091485131	0.0	-0.36758656785779215
-0.5841626143796859	-0.8100755457480605	0.050315505980487986
-0.6446893467754908	-0.764444665200949	1.526382275682638e-17
-0.7046661532755322	-0.707410086310321	-0.0549234213636452
-0.7613223770608586	-0.63839885184579	-0.11329229518542243
-0.8115589905891988	-0.5579817012340554	-0.1732871197804096
-0.8525014034746431	-0.46811899386533706	-0.23260688866899076
-0.8821336249758588	-0.3720322863165356	-0.28884640490240165
-0.8997440787107508	-0.27366245241816195	-0.3399550778579714
-0.9059770534437454	-0.17690990424992187	-0.38458869511683863
-0.9025000774045703	-0.08497220435665716	-0.4222242707039886
-0.8914875917244378	0.0	-0.45304511232476835
-0.5276274443635185	-0.8494758854460922	0.0
-0.5841626143796859	-0.8100755457480605	-0.05031550598048797
-0.641130311566145	-0.7602245156162619	-0.10493145118179706
-0.6963142839518093	-0.6990256952455822	-0.1628173680880185
-0.7470750087550206	-0.6264518713782189	-0.22234429189977709
-0.7907273519963354	-0.5436590539880432	-0.28139845028302735
-0.8250575042710705	-0.4530492116567027	-0.3376781403396328
-0.8487961632779959	-0.3579724979304108	-0.3891025108246099
-0.8618430633336008	-0.26213463571709333	-0.434179648234716
-0.8651559667980591	-0.16893878124805817	-0.47219153031808675
-0.8603910517285484	-0.08100755457480607	-0.5031550598048796
-0.050315505980487965	-0.5841626143796858	-0.8100755457480604
-0.10493145118179706	-0.641130311566145	-0.7602245156162619
-0.13768840231539475	-0.5597231371654604	-0.8171608859884871
-0.1628173680880185	-0.6963142839518094	-0.6990256952455823
-0.19825167311413988	-0.6161732860315363	-0.762251110650908
-0.23175089137583754	-0.5277565828190246	-0.8171685956017221
-0.22234429189977709	-0.7470750087550206	-0.6264518713782189
-0.26109324771682313	-0.6700069842422216	-0.6949251449352836
-0.29753874648962336	-0.5825384357125613	-0.7563859234907441
-0.33018870751747814	-0.4876387655333188	-0.8081979038435315
-0.28139845028302735	-0.7907273519963354	-0.5436590539880432
-0.3239689804222372	-0.7183902691883237	-0.6155968817819856
-0.36404001098601624	-0.633851245966913	-0.6824276286812346
-0.3997413006658765	-0.5396224699617937	-0.7409551150064938
-0.4296474429380112	-0.43946611092236215	-0.7888425775321731
-0.3376781403396328	-0.8250575042710705	-0.4530492116567027
-0.38426600956910056	-0.7586477987024198	-0.5261113488738032
-0.4284251750913105	-0.6788339475764164	-0.5963525307783972
-0.46789834252653373	-0.5874129794435919	-0.660315933960498
-0.5008175449702117	-0.4877639759600454	-0.715030132515867
-0.5261113488738032	-0.38426600956910056	-0.7586477987024198
-0.3891025108246099	-0.8487961632779959	-0.3579724979304108
-0.4394661109223621	-0.788842577532173	-0.42964744293801116
-0.4877639759600454	-0.715030132515867	-0.5008175449702117
-0.53143047380397	-0.6283275407216934	-0.5681427224589933
-0.5681427224589933	-0.53143047380397	-0.6283275407216934
-0.5963525307783972	-0.4284251750913105	-0.6788339475764164
-0.6155968817819856	-0.32396898042223726	-0.7183902691883237
-0.434179648234716	-0.8618430633336008	-0.26213463571709333
-0.48763876553331875	-0.8081979038435315	-0.33018870751747803
-0.5396224699617936	-0.7409551150064938	-0.39974130066587643
-0.5874129794435919	-0.660315933960498	-0.46789834252653373
-0.6283275407216934	-0.5681427224589934	-0.53143047380397
-0.660315933960498	-0.46789834252653373	-0.5874129794435919
-0.6824276286812346	-0.3640400109860162	-0.6338512459669131
-0.6949251449352836	-0.26109324771682313	-0.6700069842422216
-0.47219153031808675	-0.8651559667980591	-0.16893878124805817
-0.5277565828190246	-0.8171685956017222	-0.23175089137583751
-0.5825384357125613	-0.7563859234907441	-0.29753874648962336
-0.6338512459669131	-0.6824276286812346	-0.3640400109860162
-0.6788339475764164	-0.5963525307783972	-0.4284251750913105
-0.715030132515867	-0.5008175449702117	-0.4877639759600454
-0.7409551150064938	-0.39974130066587654	-0.5396224699617936
-0.7563859234907441	-0.29753874648962336	-0.5825384357125613
-0.762251110650908	-0.19825167311414	-0.6161732860315364
-0.5031550598048797	-0.8603910517285485	-0.08100755457480609
-0.5597231371654604	-0.8171608859884872	-0.1376884023153948
-0.6161732860315363	-0.7622511106509079	-0.19825167311414
-0.6700069842422217	-0.6949251449352836	-0.2610932477168232
-0.7183902691883237	-0.6155968817819855	-0.32396898042223726
-0.7586477987024197	-0.5261113488738032	-0.3842660095691006
-0.7888425775321731	-0.4296474429380112	-0.43946611092236226
-0.8081979038435315	-0.3301887075174782	-0.487638765533319
-0.8171685956017222	-0.2317508913758376	-0.5277565828190247
-0.817160885988487	-0.13768840231539473	-0.5597231371654604
0.050315505980487965	-0.5841626143796858	-0.8100755457480604
0.0	-0.6446893467754908	-0.764444665200949
0.10493145118179706	-0.641130311566145	-0.7602245156162619
-0.05492342136364522	-0.704666153275532	-0.707410086310321
0.054923421363645204	-0.7046661532755322	-0.7074100863103211
0.1628173680880185	-0.6963142839518094	-0.6990256952455823
-0.11329229518542241	-0.7613223770608585	-0.63839885184579
0.0	-0.7662557599217112	-0.64253568802581
0.11329229518542241	-0.7613223770608585	-0.63839885184579
0.22234429189977709	-0.7470750087550206	-0.6264518713782189
-0.17328711978040962	-0.8115589905891988	-0.5579817012340554
-0.05854905197852541	-0.82261179452678	-0.5655809791867531
0.05854905197852541	-0.82261179452678	-0.5655809791867531
0.17328711978040962	-0.8115589905891988	-0.5579817012340554
0.28139845028302735	-0.7907273519963354	-0.5436590539880432
-0.23260688866899076	-0.8525014034746431	-0.4681189938653372
-0.11873754729453596	-0.8703433186604764	-0.4779162086867804
0.0	-0.8765442782968893	-0.4813212318036527
0.11873754729453592	-0.8703433186604764	-0.4779162086867805
0.2326068886689908	-0.8525014034746431	-0.46811899386533723
0.3376781403396328	-0.8250575042710705	-0.4530492116567027
-0.28884640490240165	-0.8821336249758588	-0.3720322863165357
-0.17812882182387565	-0.9066723158124362	-0.3823812685984393
-0.060231747295356824	-0.919735345126347	-0.38789048911138263
0.060231747295356824	-0.919735345126347	-0.3878904891113827
0.17812882182387565	-0.9066723158124362	-0.3823812685984393
0.28884640490240165	-0.8821336249758588	-0.3720322863165357
0.3891025108246099	-0.8487961632779959	-0.3579724979304108
-0.3399550778579714	-0.8997440787107508	-0.2736624524181619
-0.2342825659531816	-0.9300979681921523	-0.28289476639772476
-0.11962950836759823	-0.9498543966840838	-0.2889038002997574
0.0	-0.9567250177652293	-0.2909935401037652
0.11962950836759823	-0.9498543966840838	-0.2889038002997574
0.2342825659531816	-0.9300979681921523	-0.28289476639772476
0.3399550778579714	-0.8997440787107508	-0.2736624524181619
0.434179648234716	-0.8618430633336008	-0.26213463571709333
-0.38458869511683863	-0.9059770534437452	-0.17690990424992184
-0.28523225418642345	-0.9406917901291859	-0.18368864187880363
-0.17577676469575834	-0.9661819857201831	-0.18866610576066903
-0.05941381809754402	-0.9797295026119242	-0.19131152587040798
0.05941381809754402	-0.9797295026119242	-0.19131152587040798
0.17577676469575826	-0.9661819857201831	-0.18866610576066903
0.28523225418642345	-0.9406917901291859	-0.18368864187880363
0.38458869511683863	-0.9059770534437454	-0.17690990424992187
0.47219153031808675	-0.8651559667980591	-0.16893878124805817
-0.42222427070398855	-0.9025000774045703	-0.0849722043566572
-0.32979018136178573	-0.9398975374233257	-0.08849325071963617
-0.22681945100483827	-0.9696485317976529	-0.09129436690464438
-0.11566312437974267	-0.9889150003767049	-0.09310834381868338
0.0	-0.995596950600417	-0.09373746292252115
0.11566312437974267	-0.9889150003767049	-0.09310834381868338
0.22681945100483822	-0.9696485317976529	-0.09129436690464436
0.32979018136178573	-0.9398975374233257	-0.08849325071963617
0.4222242707039886	-0.9025000774045703	-0.0849722043566572
0.5031550598048797	-0.8603910517285485	-0.08100755457480609
-0.45304511232476835	-0.8914875917244378	0.0
-0.36758656785779215	-0.9299893091485131	0.0
-0.2717066598573454	-0.9623801177233271	0.0
-0.16701732662568136	-0.9859539606933027	0.0
-0.056375758112246516	-0.9984096222980173	0.0
0.05637575811224649	-0.9984096222980173	0.0
0.16701732662568136	-0.9859539606933027	0.0
0.2717066598573454	-0.9623801177233271	0.0
0.36758656785779215	-0.9299893091485131	0.0
0.45304511232476835	-0.8914875917244378	0.0
0.5276274443635185	-0.8494758854460922	0.0
0.13768840231539475	-0.5597231371654604	-0.8171608859884871
0.19825167311413988	-0.6161732860315363	-0.762251110650908
0.23175089137583754	-0.5277565828190246	-0.8171685956017221
0.26109324771682313	-0.6700069842422216	-0.6949251449352836
0.29753874648962336	-0.5825384357125613	-0.7563859234907441
0.33018870751747814	-0.4876387655333188	-0.8081979038435315
0.3239689804222372	-0.7183902691883237	-0.6155968817819856
0.36404001098601624	-0.633851245966913	-0.6824276286812346
0.3997413006658765	-0.5396224699617937	-0.7409551150064938
0.4296474429380112	-0.43946611092236215	-0.7888425775321731
0.38426600956910056	-0.7586477987024198	-0.5261113488738032
0.4284251750913105	-0.6788339475764164	-0.5963525307783972
0.46789834252653373	-0.5874129794435919	-0.660315933960498
0.5008175449702117	-0.4877639759600454	-0.715030132515867
0.5261113488738032	-0.38426600956910056	-0.7586477987024198
0.4394661109223621	-0.788842577532173	-0.42964744293801116
0.4877639759600454	-0.715030132515867	-0.5008175449702117
0.53143047380397	-0.6283275407216934	-0.5681427224589933
0.5681427224589933	-0.53143047380397	-0.6283275407216934
0.5963525307783972	-0.4284251750913105	-0.6788339475764164
0.6155968817819856	-0.32396898042223726	-0.7183902691883237
0.48763876553331875	-0.8081979038435315	-0.33018870751747803
0.5396224699617936	-0.7409551150064938	-0.39974130066587643
0.5874129794435919	-0.660315933960498	-0.46789834252653373
0.6283275407216934	-0.5681427224589934	-0.53143047380397
0.660315933960498	-0.46789834252653373	-0.5874129794435919
0.6824276286812346	-0.3640400109860162	-0.6338512459669131
0.6949251449352836	-0.26109324771682313	-0.6700069842422216
0.5277565828190246	-0.8171685956017222	-0.23175089137583751
0.5825384357125613	-0.7563859234907441	-0.29753874648962336
0.6338512459669131	-0.6824276286812346	-0.3640400109860162
0.6788339475764164	-0.5963525307783972	-0.4284251750913105
0.715030132515867	-0.5008175449702117	-0.4877639759600454
0.7409551150064938	-0.39974130066587654	-0.5396224699617936
0.7563859234907441	-0.29753874648962336	-0.5825384357125613
0.762251110650908	-0.19825167311414	-0.6161732860315364
0.5597231371654604	-0.8171608859884872	-0.1376884023153948
0.6161732860315363	-0.7622511106509079	-0.19825167311414
0.6700069842422217	-0.6949251449352836	-0.2610932477168232
0.7183902691883237	-0.6155968817819855	-0.32396898042223726
0.7586477987024197	-0.5261113488738032	-0.3842660095691006
0.7888425775321731	-0.4296474429380112	-0.43946611092236226
0.8081979038435315	-0.3301887075174782	-0.487638765533319
0.8171685956017222	-0.2317508913758376	-0.5277565828190247
0.817160885988487	-0.13768840231539473	-0.5597231371654604
0.5841626143796859	-0.8100755457480605	-0.05031550598048797
0.641130311566145	-0.7602245156162619	-0.10493145118179706
0.6963142839518093	-0.6990256952455822	-0.1628173680880185
0.7470750087550206	-0.6264518713782189	-0.22234429189977709
0.7907273519963354	-0.5436590539880432	-0.28139845028302735
0.8250575042710705	-0.4530492116567027	-0.3376781403396328
0.8487961632779959	-0.3579724979304108	-0.3891025108246099
0.8618430633336008	-0.26213463571709333	-0.434179648234716
0.8651559667980591	-0.16893878124805817	-0.47219153031808675
0.8603910517285484	-0.08100755457480607	-0.5031550598048796
0.5841626143796859	-0.8100755457480605	0.05031550598048797
0.6446893467754908	-0.764444665200949	0.0
0.641130311566145	-0.7602245156162619	0.10493145118179706
0.7046661532755321	-0.7074100863103211	-0.054923421363645225
0.7046661532755322	-0.7074100863103211	0.054923421363645204
0.6963142839518093	-0.6990256952455822	0.1628173680880185
0.7613223770608586	-0.6383988518457901	-0.11329229518542243
0.7662557599217112	-0.64253568802581	0.0
0.7613223770608586	-0.6383988518457901	0.11329229518542243
0.7470750087550206	-0.6264518713782189	0.22234429189977709
0.8115589905891987	-0.5579817012340554	-0.1732871197804096
0.82261179452678	-0.5655809791867531	-0.05854905197852541
0.82261179452678	-0.5655809791867531	0.05854905197852541
0.8115589905891987	-0.5579817012340554	0.1732871197804096
0.7907273519963354	-0.5436590539880432	0.28139845028302735
0.8525014034746431	-0.4681189938653372	-0.23260688866899076
0.8703433186604764	-0.4779162086867804	-0.11873754729453596
0.8765442782968893	-0.4813212318036527	0.0
0.8703433186604764	-0.4779162086867805	0.11873754729453592
0.8525014034746431	-0.46811899386533723	0.2326068886689908
0.8250575042710705	-0.4530492116567027	0.3376781403396328
0.8821336249758588	-0.3720322863165357	-0.28884640490240165
0.9066723158124362	-0.3823812685984393	-0.17812882182387565
0.919735345126347	-0.38789048911138263	-0.060231747295356824
0.919735345126347	-0.3878904891113827	0.060231747295356824
0.9066723158124362	-0.3823812685984393	0.17812882182387565
0.8821336249758588	-0.3720322863165357	0.28884640490240165
0.8487961632779959	-0.3579724979304108	0.3891025108246099
0.8997440787107508	-0.2736624524181619	-0.3399550778579714
0.9300979681921523	-0.28289476639772476	-0.2342825659531816
0.9498543966840838	-0.2889038002997574	-0.11962950836759823
0.9567250177652293	-0.2909935401037652	0.0
0.9498543966840838	-0.2889038002997574	0.11962950836759823
0.9300979681921523	-0.28289476639772476	0.2342825659531816
0.8997440787107508	-0.2736624524181619	0.3399550778579714
0.8618430633336008	-0.26213463571709333	0.434179648234716
0.9059770534437454	-0.17690990424992187	-0.38458869511683863
0.9406917901291859	-0.18368864187880363	-0.28523225418642345
0.9661819857201831	-0.18866610576066903	-0.17577676469575834
0.9797295026119242	-0.19131152587040798	-0.05941381809754402
0.9797295026119242	-0.19131152587040798	0.05941381809754402
0.9661819857201831	-0.18866610576066903	0.17577676469575826
0.9406917901291859	-0.18368864187880363	0.28523225418642345
0.9059770534437454	-0.17690990424992187	0.38458869511683863
0.8651559667980591	-0.16893878124805817	0.47219153031808675
0.9025000774045703	-0.0849722043566572	-0.42222427070398855
0.9398975374233257	-0.08849325071963617	-0.32979018136178573
0.9696485317976529	-0.09129436690464438	-0.22681945100483827
0.9889150003767049	-0.09310834381868338	-0.11566312437974267
0.995596950600417	-0.09373746292252115	0.0
0.9889150003767049	-0.09310834381868338	0.11566312437974267
0.9696485317976529	-0.09129436690464436	0.22681945100483822
0.9398975374233257	-0.08849325071963617	0.32979018136178573
0.9025000774045703	-0.0849722043566572	0.4222242707039886
0.8603910517285484	-0.08100755457480607	0.5031550598048796
0.8914875917244378	0.0	-0.45304511232476835
0.9299893091485131	0.0	-0.36758656785779215
0.9623801177233271	0.0	-0.2717066598573454
0.9859539606933027	0.0	-0.16701732662568136
0.9984096222980173	0.0	-0.056375758112246516
0.9984096222980173	0.0	0.05637575811224649
0.9859539606933027	0.0	0.16701732662568136
0.9623801177233271	0.0	0.2717066598573454
0.9299893091485131	0.0	0.36758656785779215
0.8914875917244378	0.0	0.45304511232476835
0.5841626143796859	0.8100755457480605	0.05031550598048797
0.6446893467754908	0.764444665200949	0.0
0.641130311566145	0.7602245156162619	0.10493145118179706
0.7046661532755321	0.7074100863103211	-0.054923421363645225
0.7046661532755322	0.7074100863103211	0.054923421363645204
0.6963142839518093	0.6990256952455822	0.1628173680880185
0.7613223770608586	0.6383988518457901	-0.11329229518542243
0.7662557599217112	0.64253568802581	0.0
0.7613223770608586	0.6383988518457901	0.11329229518542243
0.7470750087550206	0.6264518713782189	0.22234429189977709
0.8115589905891987	0.5579817012340554	-0.1732871197804096
0.82261179452678	0.5655809791867531	-0.05854905197852541
0.82261179452678	0.5655809791867531	0.05854905197852541
0.8115589905891987	0.5579817012340554	0.1732871197804096
0.7907273519963354	0.5436590539880432	0.28139845028302735
0.8525014034746431	0.4681189938653372	-0.23260688866899076
0.8703433186604764	0.4779162086867804	-0.11873754729453596
0.8765442782968893	0.4813212318036527	0.0
0.8703433186604764	0.4779162086867805	0.11873754729453592
0.8525014034746431	0.46811899386533723	0.2326068886689908
0.8250575042710705	0.4530492116567027	0.3376781403396328
0.8821336249758588	0.3720322863165357	-0.28884640490240165
0.9066723158124362	0.3823812685984393	-0.17812882182387565
0.919735345126347	0.38789048911138263	-0.060231747295356824
0.919735345126347	0.3878904891113827	0.060231747295356824
0.9066723158124362	0.3823812685984393	0.17812882182387565
0.8821336249758588	0.3720322863165357	0.28884640490240165
0.8487961632779959	0.3579724979304108	0.3891025108246099
0.8997440787107508	0.2736624524181619	-0.3399550778579714
0.9300979681921523	0.28289476639772476	-0.2342825659531816
0.9498543966840838	0.2889038002997574	-0.11962950836759823
0.9567250177652293	0.2909935401037652	0.0
0.9498543966840838	0.2889038002997574	0.11962950836759823
0.9300979681921523	0.28289476639772476	0.2342825659531816
0.8997440787107508	0.2736624524181619	0.3399550778579714
0.8618430633336008	0.26213463571709333	0.434179648234716
0.9059770534437454	0.17690990424992187	-0.38458869511683863
0.9406917901291859	0.18368864187880363	-0.28523225418642345
0.9661819857201831	0.18866610576066903	-0.17577676469575834
0.9797295026119242	0.19131152587040798	-0.05941381809754402
0.9797295026119242	0.19131152587040798	0.05941381809754402
0.9661819857201831	0.18866610576066903	0.17577676469575826
0.9406917901291859	0.18368864187880363	0.28523225418642345
0.9059770534437454	0.17690990424992187	0.38458869511683863
0.8651559667980591	0.16893878124805817	0.47219153031808675
0.9025000774045703	0.0849722043566572	-0.42222427070398855
0.9398975374233257	0.08849325071963617	-0.32979018136178573
0.9696485317976529	0.09129436690464438	-0.22681945100483827
0.9889150003767049	0.09310834381868338	-0.11566312437974267
0.995596950600417	0.09373746292252115	0.0
0.9889150003767049	0.09310834381868338	0.11566312437974267
0.9696485317976529	0.09129436690464436	0.22681945100483822
0.9398975374233257	0.08849325071963617	0.32979018136178573
0.9025000774045703	0.0849722043566572	0.4222242707039886
0.8603910517285484	0.08100755457480607	0.5031550598048796
0.13768840231539475	0.5597231371654604	0.8171608859884871
0.23175089137583754	0.5277565828190245	0.8171685956017221
0.1982516731141399	0.6161732860315362	0.7622511106509081
0.33018870751747814	0.4876387655333188	0.8081979038435315
0.29753874648962336	0.5825384357125613	0.7563859234907441
0.26109324771682313	0.6700069842422216	0.6949251449352836
0.4296474429380112	0.43946611092236226	0.7888425775321731
0.3997413006658765	0.5396224699617937	0.7409551150064938
0.36404001098601624	0.633851245966913	0.6824276286812346
0.3239689804222372	0.7183902691883237	0.6155968817819856
0.5261113488738032	0.3842660095691006	0.7586477987024198
0.5008175449702118	0.4877639759600454	0.715030132515867
0.46789834252653373	0.5874129794435919	0.660315933960498
0.4284251750913105	0.6788339475764164	0.5963525307783972
0.38426600956910056	0.7586477987024198	0.5261113488738032
0.6155968817819856	0.3239689804222372	0.7183902691883236
0.5963525307783972	0.4284251750913105	0.6788339475764164
0.5681427224589933	0.5314304738039699	0.6283275407216934
0.53143047380397	0.6283275407216934	0.5681427224589933
0.4877639759600454	0.715030132515867	0.5008175449702117
0.43946611092236226	0.788842577532173	0.4296474429380112
0.6949251449352836	0.26109324771682313	0.6700069842422216
0.6824276286812346	0.3640400109860162	0.6338512459669131
0.660315933960498	0.46789834252653373	0.5874129794435919
0.6283275407216934	0.5681427224589934	0.53143047380397
0.5874129794435919	0.660315933960498	0.46789834252653373
0.5396224699617936	0.7409551150064938	0.39974130066587643
0.48763876553331875	0.8081979038435315	0.33018870751747803
0.762251110650908	0.19825167311413994	0.6161732860315364
0.7563859234907441	0.29753874648962336	0.5825384357125613
0.7409551150064938	0.39974130066587643	0.5396224699617936
0.715030132515867	0.5008175449702117	0.4877639759600454
0.6788339475764164	0.5963525307783972	0.4284251750913105
0.6338512459669131	0.6824276286812345	0.3640400109860162
0.5825384357125613	0.7563859234907441	0.29753874648962336
0.5277565828190247	0.8171685956017222	0.2317508913758376
0.817160885988487	0.13768840231539473	0.5597231371654604
0.8171685956017222	0.2317508913758376	0.5277565828190247
0.8081979038435315	0.3301887075174781	0.487638765533319
0.7888425775321731	0.4296474429380112	0.43946611092236226
0.7586477987024197	0.5261113488738032	0.3842660095691006
0.7183902691883237	0.6155968817819855	0.32396898042223726
0.6700069842422216	0.6949251449352836	0.2610932477168232
0.6161732860315363	0.7622511106509079	0.19825167311413994
0.5597231371654604	0.8171608859884872	0.1376884023153948
-0.6446893467754908	0.764444665200949	0.0
-0.7046661532755321	0.7074100863103211	0.054923421363645225
-0.7046661532755322	0.7074100863103211	-0.054923421363645204
-0.7613223770608586	0.6383988518457901	0.11329229518542243
-0.7662557599217112	0.64253568802581	0.0
-0.7613223770608586	0.6383988518457901	-0.11329229518542243
-0.8115589905891987	0.5579817012340554	0.1732871197804096
-0.82261179452678	0.5655809791867531	0.05854905197852541
-0.82261179452678	0.5655809791867531	-0.05854905197852541
-0.8115589905891987	0.5579817012340554	-0.1732871197804096
-0.8525014034746431	0.4681189938653372	0.23260688866899076
-0.8703433186604764	0.4779162086867804	0.11873754729453596
-0.8765442782968893	0.4813212318036527	0.0
-0.8703433186604764	0.4779162086867805	-0.11873754729453592
-0.8525014034746431	0.46811899386533723	-0.2326068886689908
-0.8821336249758588	0.3720322863165357	0.28884640490240165
-0.9066723158124362	0.3823812685984393	0.17812882182387565
-0.919735345126347	0.38789048911138263	0.060231747295356824
-0.919735345126347	0.3878904891113827	-0.060231747295356824
-0.9066723158124362	0.3823812685984393	-0.17812882182387565
-0.8821336249758588	0.3720322863165357	-0.28884640490240165
-0.8997440787107508	0.2736624524181619	0.3399550778579714
-0.9300979681921523	0.28289476639772476	0.2342825659531816
-0.9498543966840838	0.2889038002997574	0.11962950836759823
-0.9567250177652293	0.2909935401037652	0.0
-0.9498543966840838	0.2889038002997574	-0.11962950836759823
-0.9300979681921523	0.28289476639772476	-0.2342825659531816
-0.8997440787107508	0.2736624524181619	-0.3399550778579714
-0.9059770534437454	0.17690990424992187	0.38458869511683863
-0.9406917901291859	0.18368864187880363	0.28523225418642345
-0.9661819857201831	0.18866610576066903	0.17577676469575834
-0.9797295026119242	0.19131152587040798	0.05941381809754402
-0.9797295026119242	0.19131152587040798	-0.05941381809754402
-0.9661819857201831	0.18866610576066903	-0.17577676469575826
-0.9406917901291859	0.18368864187880363	-0.28523225418642345
-0.9059770534437454	0.17690990424992187	-0.38458869511683863
-0.9025000774045703	0.0849722043566572	0.42222427070398855
-0.9398975374233257	0.08849325071963617	0.32979018136178573
-0.9696485317976529	0.09129436690464438	0.22681945100483827
-0.9889150003767049	0.09310834381868338	0.11566312437974267
-0.995596950600417	0.09373746292252115	0.0
-0.9889150003767049	0.09310834381868338	-0.11566312437974267
-0.9696485317976529	0.09129436690464436	-0.22681945100483822
-0.9398975374233257	0.08849325071963617	-0.32979018136178573
-0.9025000774045703	0.0849722043566572	-0.4222242707039886
0.050315505980487965	-0.5841626143796858	0.8100755457480604
0.13768840231539475	-0.5597231371654604	0.8171608859884871
0.10493145118179706	-0.641130311566145	0.7602245156162619
0.23175089137583754	-0.5277565828190245	0.8171685956017221
0.1982516731141399	-0.6161732860315362	0.7622511106509081
0.1628173680880185	-0.6963142839518094	0.6990256952455823
0.33018870751747814	-0.4876387655333188	0.8081979038435315
0.29753874648962336	-0.5825384357125613	0.7563859234907441
0.26109324771682313	-0.6700069842422216	0.6949251449352836
0.22234429189977709	-0.7470750087550206	0.6264518713782189
0.4296474429380112	-0.43946611092236226	0.7888425775321731
0.3997413006658765	-0.5396224699617937	0.7409551150064938
0.36404001098601624	-0.633851245966913	0.6824276286812346
0.3239689804222372	-0.7183902691883237	0.6155968817819856
0.28139845028302735	-0.7907273519963354	0.5436590539880432
0.5261113488738032	-0.3842660095691006	0.7586477987024198
0.5008175449702118	-0.4877639759600454	0.715030132515867
0.46789834252653373	-0.5874129794435919	0.660315933960498
0.4284251750913105	-0.6788339475764164	0.5963525307783972
0.38426600956910056	-0.7586477987024198	0.5261113488738032
0.3376781403396328	-0.8250575042710705	0.4530492116567027
0.6155968817819856	-0.3239689804222372	0.7183902691883236
0.5963525307783972	-0.4284251750913105	0.6788339475764164
0.5681427224589933	-0.5314304738039699	0.6283275407216934
0.53143047380397	-0.6283275407216934	0.5681427224589933
0.4877639759600454	-0.715030132515867	0.5008175449702117
0.43946611092236226	-0.788842577532173	0.4296474429380112
0.3891025108246099	-0.8487961632779959	0.3579724979304108
0.6949251449352836	-0.26109324771682313	0.6700069842422216
0.6824276286812346	-0.3640400109860162	0.6338512459669131
0.660315933960498	-0.46789834252653373	0.5874129794435919
0.6283275407216934	-0.5681427224589934	0.53143047380397
0.5874129794435919	-0.660315933960498	0.46789834252653373
0.5396224699617936	-0.7409551150064938	0.39974130066587643
0.48763876553331875	-0.8081979038435315	0.33018870751747803
0.434179648234716	-0.8618430633336008	0.26213463571709333
0.762251110650908	-0.19825167311413994	0.6161732860315364
0.7563859234907441	-0.29753874648962336	0.5825384357125613
0.7409551150064938	-0.39974130066587643	0.5396224699617936
0.715030132515867	-0.5008175449702117	0.4877639759600454
0.6788339475764164	-0.5963525307783972	0.4284251750913105
0.6338512459669131	-0.6824276286812345	0.3640400109860162
0.5825384357125613	-0.7563859234907441	0.29753874648962336
0.5277565828190247	-0.8171685956017222	0.2317508913758376
0.47219153031808675	-0.8651559667980591	0.16893878124805817
0.817160885988487	-0.13768840231539473	0.5597231371654604
0.8171685956017222	-0.2317508913758376	0.5277565828190247
0.8081979038435315	-0.3301887075174781	0.487638765533319
0.7888425775321731	-0.4296474429380112	0.43946611092236226
0.7586477987024197	-0.5261113488738032	0.3842660095691006
0.7183902691883237	-0.6155968817819855	0.32396898042223726
0.6700069842422216	-0.6949251449352836	0.2610932477168232
0.6161732860315363	-0.7622511106509079	0.19825167311413994
0.5597231371654604	-0.8171608859884872	0.1376884023153948
0.5031550598048797	-0.8603910517285485	0.08100755457480609
-0.050315505980487965	-0.5841626143796858	0.8100755457480604
-0.10493145118179706	-0.641130311566145	0.7602245156162619
0.0	-0.6446893467754908	0.764444665200949
-0.1628173680880185	-0.6963142839518094	0.6990256952455823
-0.05492342136364522	-0.704666153275532	0.707410086310321
0.054923421363645204	-0.7046661532755322	0.7074100863103211
-0.22234429189977709	-0.7470750087550206	0.6264518713782189
-0.11329229518542241	-0.7613223770608585	0.63839885184579
0.0	-0.7662557599217112	0.64253568802581
0.11329229518542241	-0.7613223770608585	0.63839885184579
-0.28139845028302735	-0.7907273519963354	0.5436590539880432
-0.17328711978040962	-0.8115589905891988	0.5579817012340554
-0.05854905197852541	-0.82261179452678	0.5655809791867531
0.05854905197852541	-0.82261179452678	0.5655809791867531
0.17328711978040962	-0.8115589905891988	0.5579817012340554
-0.3376781403396328	-0.8250575042710705	0.4530492116567027
-0.23260688866899076	-0.8525014034746431	0.4681189938653372
-0.11873754729453596	-0.8703433186604764	0.4779162086867804
0.0	-0.8765442782968893	0.4813212318036527
0.11873754729453592	-0.8703433186604764	0.4779162086867805
0.2326068886689908	-0.8525014034746431	0.46811899386533723
-0.3891025108246099	-0.8487961632779959	0.3579724979304108
-0.28884640490240165	-0.8821336249758588	0.3720322863165357
-0.17812882182387565	-0.9066723158124362	0.3823812685984393
-0.060231747295356824	-0.919735345126347	0.38789048911138263
0.060231747295356824	-0.919735345126347	0.3878904891113827
0.17812882182387565	-0.9066723158124362	0.3823812685984393
0.28884640490240165	-0.8821336249758588	0.3720322863165357
-0.434179648234716	-0.8618430633336008	0.26213463571709333
-0.3399550778579714	-0.8997440787107508	0.2736624524181619
-0.2342825659531816	-0.9300979681921523	0.28289476639772476
-0.11962950836759823	-0.9498543966840838	0.2889038002997574
0.0	-0.9567250177652293	0.2909935401037652
0.11962950836759823	-0.9498543966840838	0.2889038002997574
0.2342825659531816	-0.9300979681921523	0.28289476639772476
0.3399550778579714	-0.8997440787107508	0.2736624524181619
-0.47219153031808675	-0.8651559667980591	0.16893878124805817
-0.38458869511683863	-0.9059770534437452	0.17690990424992184
-0.28523225418642345	-0.9406917901291859	0.18368864187880363
-0.17577676469575834	-0.9661819857201831	0.18866610576066903
-0.05941381809754402	-0.9797295026119242	0.19131152587040798
0.05941381809754402	-0.9797295026119242	0.19131152587040798
0.17577676469575826	-0.9661819857201831	0.18866610576066903
0.28523225418642345	-0.9406917901291859	0.18368864187880363
0.38458869511683863	-0.9059770534437454	0.17690990424992187
-0.5031550598048797	-0.8603910517285485	0.08100755457480609
-0.42222427070398855	-0.9025000774045703	0.0849722043566572
-0.32979018136178573	-0.9398975374233257	0.08849325071963617
-0.22681945100483827	-0.9696485317976529	0.09129436690464438
-0.11566312437974267	-0.9889150003767049	0.09310834381868338
0.0	-0.995596950600417	0.09373746292252115
0.11566312437974267	-0.9889150003767049	0.09310834381868338
0.22681945100483822	-0.9696485317976529	0.09129436690464436
0.32979018136178573	-0.9398975374233257	0.08849325071963617
0.4222242707039886	-0.9025000774045703	0.0849722043566572
-0.13768840231539475	-0.5597231371654604	0.8171608859884871
-0.19825167311413988	-0.6161732860315363	0.762251110650908
-0.23175089137583754	-0.5277565828190246	0.8171685956017221
-0.26109324771682313	-0.6700069842422216	0.6949251449352836
-0.29753874648962336	-0.5825384357125613	0.7563859234907441
-0.33018870751747814	-0.4876387655333188	0.8081979038435315
-0.3239689804222372	-0.7183902691883237	0.6155968817819856
-0.36404001098601624	-0.633851245966913	0.6824276286812346
-0.3997413006658765	-0.5396224699617937	0.7409551150064938
-0.4296474429380112	-0.43946611092236215	0.7888425775321731
-0.38426600956910056	-0.7586477987024198	0.5261113488738032
-0.4284251750913105	-0.6788339475764164	0.5963525307783972
-0.46789834252653373	-0.5874129794435919	0.660315933960498
-0.5008175449702117	-0.4877639759600454	0.715030132515867
-0.5261113488738032	-0.38426600956910056	0.7586477987024198
-0.4394661109223621	-0.788842577532173	0.42964744293801116
-0.4877639759600454	-0.715030132515867	0.5008175449702117
-0.53143047380397	-0.6283275407216934	0.5681427224589933
-0.5681427224589933	-0.53143047380397	0.6283275407216934
-0.5963525307783972	-0.4284251750913105	0.6788339475764164
-0.6155968817819856	-0.32396898042223726	0.7183902691883237
-0.48763876553331875	-0.8081979038435315	0.33018870751747803
-0.5396224699617936	-0.7409551150064938	0.39974130066587643
-0.5874129794435919	-0.660315933960498	0.46789834252653373
-0.6283275407216934	-0.5681427224589934	0.53143047380397
-0.660315933960498	-0.46789834252653373	0.5874129794435919
-0.6824276286812346	-0.3640400109860162	0.6338512459669131
-0.6949251449352836	-0.26109324771682313	0.6700069842422216
-0.5277565828190246	-0.8171685956017222	0.23175089137583751
-0.5825384357125613	-0.7563859234907441	0.29753874648962336
-0.6338512459669131	-0.6824276286812346	0.3640400109860162
-0.6788339475764164	-0.5963525307783972	0.4284251750913105
-0.715030132515867	-0.5008175449702117	0.4877639759600454
-0.7409551150064938	-0.39974130066587654	0.5396224699617936
-0.7563859234907441	-0.29753874648962336	0.5825384357125613
-0.762251110650908	-0.19825167311414	0.6161732860315364
-0.5597231371654604	-0.8171608859884872	0.1376884023153948
-0.6161732860315363	-0.7622511106509079	0.19825167311414
-0.6700069842422217	-0.6949251449352836	0.2610932477168232
-0.7183902691883237	-0.6155968817819855	0.32396898042223726
-0.7586477987024197	-0.5261113488738032	0.3842660095691006
-0.7888425775321731	-0.4296474429380112	0.43946611092236226
-0.8081979038435315	-0.3301887075174782	0.487638765533319
-0.8171685956017222	-0.2317508913758376	0.5277565828190247
-0.817160885988487	-0.13768840231539473	0.5597231371654604
