2	3	1
2	3	5
4	5	2
5	6	3
4	5	8
5	6	9
7	8	4
8	9	5
9	10	6
7	8	12
8	9	13
9	10	14
11	12	7
12	13	8
13	14	9
14	15	10
11	12	17
12	13	18
13	14	19
14	15	20
16	17	11
17	18	12
18	19	13
19	20	14
20	21	15
16	17	23
17	18	24
18	19	25
19	20	26
20	21	27
22	23	16
23	24	17
24	25	18
25	26	19
26	27	20
27	28	21
22	23	30
23	24	31
24	25	32
25	26	33
26	27	34
27	28	35
29	30	22
30	31	23
31	32	24
32	33	25
33	34	26
34	35	27
35	36	28
29	30	38
30	31	39
31	32	40
32	33	41
33	34	42
34	35	43
35	36	44
37	38	29
38	39	30
39	40	31
40	41	32
41	42	33
42	43	34
43	44	35
44	45	36
37	38	47
38	39	48
39	40	49
40	41	50
41	42	51
42	43	52
43	44	53
44	45	54
46	47	37
47	48	38
48	49	39
49	50	40
50	51	41
51	52	42
52	53	43
53	54	44
54	55	45
46	47	57
47	48	58
48	49	59
49	50	60
50	51	61
51	52	62
52	53	63
53	54	64
54	55	65
56	57	46
57	58	47
58	59	48
59	60	49
60	61	50
61	62	51
62	63	52
63	64	53
64	65	54
65	66	55
56	57	68
57	58	69
58	59	70
59	60	71
60	61	72
61	62	73
62	63	74
63	64	75
64	65	76
65	66	77
67	68	56
68	69	57
69	70	58
70	71	59
71	72	60
72	73	61
73	74	62
74	75	63
75	76	64
76	77	65
77	78	66
2	79	1
2	79	80
4	80	2
80	81	79
4	80	82
80	81	83
7	82	4
82	83	80
83	84	81
7	82	85
82	83	86
83	84	87
11	85	7
85	86	82
86	87	83
87	88	84
11	85	89
85	86	90
86	87	91
87	88	92
16	89	11
89	90	85
90	91	86
91	92	87
92	93	88
16	89	94
89	90	95
90	91	96
91	92	97
92	93	98
22	94	16
94	95	89
95	96	90
96	97	91
97	98	92
98	99	93
22	94	100
94	95	101
95	96	102
96	97	103
97	98	104
98	99	105
29	100	22
100	101	94
101	102	95
102	103	96
103	104	97
104	105	98
105	106	99
29	100	107
100	101	108
101	102	109
102	103	110
103	104	111
104	105	112
105	106	113
37	107	29
107	108	100
108	109	101
109	110	102
110	111	103
111	112	104
112	113	105
113	114	106
37	107	115
107	108	116
108	109	117
109	110	118
110	111	119
111	112	120
112	113	121
113	114	122
46	115	37
115	116	107
116	117	108
117	118	109
118	119	110
119	120	111
120	121	112
121	122	113
122	123	114
46	115	124
115	116	125
116	117	126
117	118	127
118	119	128
119	120	129
120	121	130
121	122	131
122	123	132
56	124	46
124	125	115
125	126	116
126	127	117
127	128	118
128	129	119
129	130	120
130	131	121
131	132	122
132	133	123
56	124	134
124	125	135
125	126	136
126	127	137
127	128	138
128	129	139
129	130	140
130	131	141
131	132	142
132	133	143
67	134	56
134	135	124
135	136	125
136	137	126
137	138	127
138	139	128
139	140	129
140	141	130
141	142	131
142	143	132
143	144	133
145	146	1
145	146	148
147	148	145
148	149	146
147	148	151
148	149	152
150	151	147
151	152	148
152	153	149
150	151	155
151	152	156
152	153	157
154	155	150
155	156	151
156	157	152
157	158	153
154	155	160
155	156	161
156	157	162
157	158	163
159	160	154
160	161	155
161	162	156
162	163	157
163	164	158
159	160	166
160	161	167
161	162	168
162	163	169
163	164	170
165	166	159
166	167	160
167	168	161
168	169	162
169	170	163
170	171	164
165	166	173
166	167	174
167	168	175
168	169	176
169	170	177
170	171	178
172	173	165
173	174	166
174	175	167
175	176	168
176	177	169
177	178	170
178	179	171
172	173	181
173	174	182
174	175	183
175	176	184
176	177	185
177	178	186
178	179	187
180	181	172
181	182	173
182	183	174
183	184	175
184	185	176
185	186	177
186	187	178
187	188	179
180	181	190
181	182	191
182	183	192
183	184	193
184	185	194
185	186	195
186	187	196
187	188	197
189	190	180
190	191	181
191	192	182
192	193	183
193	194	184
194	195	185
195	196	186
196	197	187
197	198	188
189	190	200
190	191	201
191	192	202
192	193	203
193	194	204
194	195	205
195	196	206
196	197	207
197	198	208
199	200	189
200	201	190
201	202	191
202	203	192
203	204	193
204	205	194
205	206	195
206	207	196
207	208	197
208	209	198
199	200	211
200	201	212
201	202	213
202	203	214
203	204	215
204	205	216
205	206	217
206	207	218
207	208	219
208	209	220
210	211	199
211	212	200
212	213	201
213	214	202
214	215	203
215	216	204
216	217	205
217	218	206
218	219	207
219	220	208
220	221	209
146	79	1
146	79	222
149	222	146
222	81	79
149	222	223
222	81	224
153	223	149
223	224	222
224	84	81
153	223	225
223	224	226
224	84	227
158	225	153
225	226	223
226	227	224
227	88	84
158	225	228
225	226	229
226	227	230
227	88	231
164	228	158
228	229	225
229	230	226
230	231	227
231	93	88
164	228	232
228	229	233
229	230	234
230	231	235
231	93	236
171	232	164
232	233	228
233	234	229
234	235	230
235	236	231
236	99	93
171	232	237
232	233	238
233	234	239
234	235	240
235	236	241
236	99	242
179	237	171
237	238	232
238	239	233
239	240	234
240	241	235
241	242	236
242	106	99
179	237	243
237	238	244
238	239	245
239	240	246
240	241	247
241	242	248
242	106	249
188	243	179
243	244	237
244	245	238
245	246	239
246	247	240
247	248	241
248	249	242
249	114	106
188	243	250
243	244	251
244	245	252
245	246	253
246	247	254
247	248	255
248	249	256
249	114	257
198	250	188
250	251	243
251	252	244
252	253	245
253	254	246
254	255	247
255	256	248
256	257	249
257	123	114
198	250	258
250	251	259
251	252	260
252	253	261
253	254	262
254	255	263
255	256	264
256	257	265
257	123	266
209	258	198
258	259	250
259	260	251
260	261	252
261	262	253
262	263	254
263	264	255
264	265	256
265	266	257
266	133	123
209	258	267
258	259	268
259	260	269
260	261	270
261	262	271
262	263	272
263	264	273
264	265	274
265	266	275
266	133	276
221	267	209
267	268	258
268	269	259
269	270	260
270	271	261
271	272	262
272	273	263
273	274	264
274	275	265
275	276	266
276	144	133
278	279	277
278	279	281
280	281	278
281	282	279
280	281	284
281	282	285
283	284	280
284	285	281
285	286	282
283	284	288
284	285	289
285	286	290
287	288	283
288	289	284
289	290	285
290	291	286
287	288	293
288	289	294
289	290	295
290	291	296
292	293	287
293	294	288
294	295	289
295	296	290
296	297	291
292	293	299
293	294	300
294	295	301
295	296	302
296	297	303
298	299	292
299	300	293
300	301	294
301	302	295
302	303	296
303	304	297
298	299	306
299	300	307
300	301	308
301	302	309
302	303	310
303	304	311
305	306	298
306	307	299
307	308	300
308	309	301
309	310	302
310	311	303
311	312	304
305	306	314
306	307	315
307	308	316
308	309	317
309	310	318
310	311	319
311	312	320
313	314	305
314	315	306
315	316	307
316	317	308
317	318	309
318	319	310
319	320	311
320	321	312
313	314	323
314	315	324
315	316	325
316	317	326
317	318	327
318	319	328
319	320	329
320	321	330
322	323	313
323	324	314
324	325	315
325	326	316
326	327	317
327	328	318
328	329	319
329	330	320
330	331	321
322	323	333
323	324	334
324	325	335
325	326	336
326	327	337
327	328	338
328	329	339
329	330	340
330	331	341
332	333	322
333	334	323
334	335	324
335	336	325
336	337	326
337	338	327
338	339	328
339	340	329
340	341	330
341	342	331
332	333	211
333	334	212
334	335	213
335	336	214
336	337	215
337	338	216
338	339	217
339	340	218
340	341	219
341	342	220
210	211	332
211	212	333
212	213	334
213	214	335
214	215	336
215	216	337
216	217	338
217	218	339
218	219	340
219	220	341
220	221	342
343	279	277
343	279	345
344	345	343
345	282	279
344	345	347
345	282	348
346	347	344
347	348	345
348	286	282
346	347	350
347	348	351
348	286	352
349	350	346
350	351	347
351	352	348
352	291	286
349	350	354
350	351	355
351	352	356
352	291	357
353	354	349
354	355	350
355	356	351
356	357	352
357	297	291
353	354	359
354	355	360
355	356	361
356	357	362
357	297	363
358	359	353
359	360	354
360	361	355
361	362	356
362	363	357
363	304	297
358	359	365
359	360	366
360	361	367
361	362	368
362	363	369
363	304	370
364	365	358
365	366	359
366	367	360
367	368	361
368	369	362
369	370	363
370	312	304
364	365	372
365	366	373
366	367	374
367	368	375
368	369	376
369	370	377
370	312	378
371	372	364
372	373	365
373	374	366
374	375	367
375	376	368
376	377	369
377	378	370
378	321	312
371	372	380
372	373	381
373	374	382
374	375	383
375	376	384
376	377	385
377	378	386
378	321	387
379	380	371
380	381	372
381	382	373
382	383	374
383	384	375
384	385	376
385	386	377
386	387	378
387	331	321
379	380	389
380	381	390
381	382	391
382	383	392
383	384	393
384	385	394
385	386	395
386	387	396
387	331	397
388	389	379
389	390	380
390	391	381
391	392	382
392	393	383
393	394	384
394	395	385
395	396	386
396	397	387
397	342	331
388	389	399
389	390	400
390	391	401
391	392	402
392	393	403
393	394	404
394	395	405
395	396	406
396	397	407
397	342	408
398	399	388
399	400	389
400	401	390
401	402	391
402	403	392
403	404	393
404	405	394
405	406	395
406	407	396
407	408	397
408	221	342
278	409	277
278	409	410
280	410	278
410	411	409
280	410	412
410	411	413
283	412	280
412	413	410
413	414	411
283	412	415
412	413	416
413	414	417
287	415	283
415	416	412
416	417	413
417	418	414
287	415	419
415	416	420
416	417	421
417	418	422
292	419	287
419	420	415
420	421	416
421	422	417
422	423	418
292	419	424
419	420	425
420	421	426
421	422	427
422	423	428
298	424	292
424	425	419
425	426	420
426	427	421
427	428	422
428	429	423
298	424	430
424	425	431
425	426	432
426	427	433
427	428	434
428	429	435
305	430	298
430	431	424
431	432	425
432	433	426
433	434	427
434	435	428
435	436	429
305	430	437
430	431	438
431	432	439
432	433	440
433	434	441
434	435	442
435	436	443
313	437	305
437	438	430
438	439	431
439	440	432
440	441	433
441	442	434
442	443	435
443	444	436
313	437	445
437	438	446
438	439	447
439	440	448
440	441	449
441	442	450
442	443	451
443	444	452
322	445	313
445	446	437
446	447	438
447	448	439
448	449	440
449	450	441
450	451	442
451	452	443
452	453	444
322	445	454
445	446	455
446	447	456
447	448	457
448	449	458
449	450	459
450	451	460
451	452	461
452	453	462
332	454	322
454	455	445
455	456	446
456	457	447
457	458	448
458	459	449
459	460	450
460	461	451
461	462	452
462	463	453
332	454	464
454	455	465
455	456	466
456	457	467
457	458	468
458	459	469
459	460	470
460	461	471
461	462	472
462	463	473
210	464	332
464	465	454
465	466	455
466	467	456
467	468	457
468	469	458
469	470	459
470	471	460
471	472	461
472	473	462
473	474	463
475	409	277
475	409	477
476	477	475
477	411	409
476	477	479
477	411	480
478	479	476
479	480	477
480	414	411
478	479	482
479	480	483
480	414	484
481	482	478
482	483	479
483	484	480
484	418	414
481	482	486
482	483	487
483	484	488
484	418	489
485	486	481
486	487	482
487	488	483
488	489	484
489	423	418
485	486	491
486	487	492
487	488	493
488	489	494
489	423	495
490	491	485
491	492	486
492	493	487
493	494	488
494	495	489
495	429	423
490	491	497
491	492	498
492	493	499
493	494	500
494	495	501
495	429	502
496	497	490
497	498	491
498	499	492
499	500	493
500	501	494
501	502	495
502	436	429
496	497	504
497	498	505
498	499	506
499	500	507
500	501	508
501	502	509
502	436	510
503	504	496
504	505	497
505	506	498
506	507	499
507	508	500
508	509	501
509	510	502
510	444	436
503	504	512
504	505	513
505	506	514
506	507	515
507	508	516
508	509	517
509	510	518
510	444	519
511	512	503
512	513	504
513	514	505
514	515	506
515	516	507
516	517	508
517	518	509
518	519	510
519	453	444
511	512	521
512	513	522
513	514	523
514	515	524
515	516	525
516	517	526
517	518	527
518	519	528
519	453	529
520	521	511
521	522	512
522	523	513
523	524	514
524	525	515
525	526	516
526	527	517
527	528	518
528	529	519
529	463	453
520	521	531
521	522	532
522	523	533
523	524	534
524	525	535
525	526	536
526	527	537
527	528	538
528	529	539
529	463	540
530	531	520
531	532	521
532	533	522
533	534	523
534	535	524
535	536	525
536	537	526
537	538	527
538	539	528
539	540	529
540	474	463
475	343	277
475	343	541
476	541	475
541	344	343
476	541	542
541	344	543
478	542	476
542	543	541
543	346	344
478	542	544
542	543	545
543	346	546
481	544	478
544	545	542
545	546	543
546	349	346
481	544	547
544	545	548
545	546	549
546	349	550
485	547	481
547	548	544
548	549	545
549	550	546
550	353	349
485	547	551
547	548	552
548	549	553
549	550	554
550	353	555
490	551	485
551	552	547
552	553	548
553	554	549
554	555	550
555	358	353
490	551	556
551	552	557
552	553	558
553	554	559
554	555	560
555	358	561
496	556	490
556	557	551
557	558	552
558	559	553
559	560	554
560	561	555
561	364	358
496	556	562
556	557	563
557	558	564
558	559	565
559	560	566
560	561	567
561	364	568
503	562	496
562	563	556
563	564	557
564	565	558
565	566	559
566	567	560
567	568	561
568	371	364
503	562	569
562	563	570
563	564	571
564	565	572
565	566	573
566	567	574
567	568	575
568	371	576
511	569	503
569	570	562
570	571	563
571	572	564
572	573	565
573	574	566
574	575	567
575	576	568
576	379	371
511	569	577
569	570	578
570	571	579
571	572	580
572	573	581
573	574	582
574	575	583
575	576	584
576	379	585
520	577	511
577	578	569
578	579	570
579	580	571
580	581	572
581	582	573
582	583	574
583	584	575
584	585	576
585	388	379
520	577	586
577	578	587
578	579	588
579	580	589
580	581	590
581	582	591
582	583	592
583	584	593
584	585	594
585	388	595
530	586	520
586	587	577
587	588	578
588	589	579
589	590	580
590	591	581
591	592	582
592	593	583
593	594	584
594	595	585
595	398	388
596	597	144
596	597	599
598	599	596
599	600	597
598	599	602
599	600	603
601	602	598
602	603	599
603	604	600
601	602	606
602	603	607
603	604	608
605	606	601
606	607	602
607	608	603
608	609	604
605	606	611
606	607	612
607	608	613
608	609	614
610	611	605
611	612	606
612	613	607
613	614	608
614	615	609
610	611	617
611	612	618
612	613	619
613	614	620
614	615	621
616	617	610
617	618	611
618	619	612
619	620	613
620	621	614
621	622	615
616	617	624
617	618	625
618	619	626
619	620	627
620	621	628
621	622	629
623	624	616
624	625	617
625	626	618
626	627	619
627	628	620
628	629	621
629	630	622
623	624	632
624	625	633
625	626	634
626	627	635
627	628	636
628	629	637
629	630	638
631	632	623
632	633	624
633	634	625
634	635	626
635	636	627
636	637	628
637	638	629
638	639	630
631	632	641
632	633	642
633	634	643
634	635	644
635	636	645
636	637	646
637	638	647
638	639	648
640	641	631
641	642	632
642	643	633
643	644	634
644	645	635
645	646	636
646	647	637
647	648	638
648	649	639
640	641	651
641	642	652
642	643	653
643	644	654
644	645	655
645	646	656
646	647	657
647	648	658
648	649	659
650	651	640
651	652	641
652	653	642
653	654	643
654	655	644
655	656	645
656	657	646
657	658	647
658	659	648
659	660	649
650	651	662
651	652	663
652	653	664
653	654	665
654	655	666
655	656	667
656	657	668
657	658	669
658	659	670
659	660	671
661	662	650
662	663	651
663	664	652
664	665	653
665	666	654
666	667	655
667	668	656
668	669	657
669	670	658
670	671	659
671	398	660
672	586	530
672	586	674
673	674	672
674	587	586
673	674	676
674	587	677
675	676	673
676	677	674
677	588	587
675	676	679
676	677	680
677	588	681
678	679	675
679	680	676
680	681	677
681	589	588
678	679	683
679	680	684
680	681	685
681	589	686
682	683	678
683	684	679
684	685	680
685	686	681
686	590	589
682	683	688
683	684	689
684	685	690
685	686	691
686	590	692
687	688	682
688	689	683
689	690	684
690	691	685
691	692	686
692	591	590
687	688	694
688	689	695
689	690	696
690	691	697
691	692	698
692	591	699
693	694	687
694	695	688
695	696	689
696	697	690
697	698	691
698	699	692
699	592	591
693	694	701
694	695	702
695	696	703
696	697	704
697	698	705
698	699	706
699	592	707
700	701	693
701	702	694
702	703	695
703	704	696
704	705	697
705	706	698
706	707	699
707	593	592
700	701	709
701	702	710
702	703	711
703	704	712
704	705	713
705	706	714
706	707	715
707	593	716
708	709	700
709	710	701
710	711	702
711	712	703
712	713	704
713	714	705
714	715	706
715	716	707
716	594	593
708	709	718
709	710	719
710	711	720
711	712	721
712	713	722
713	714	723
714	715	724
715	716	725
716	594	726
717	718	708
718	719	709
719	720	710
720	721	711
721	722	712
722	723	713
723	724	714
724	725	715
725	726	716
726	595	594
717	718	662
718	719	663
719	720	664
720	721	665
721	722	666
722	723	667
723	724	668
724	725	669
725	726	670
726	595	671
661	662	717
662	663	718
663	664	719
664	665	720
665	666	721
666	667	722
667	668	723
668	669	724
669	670	725
670	671	726
671	398	595
672	727	530
672	727	728
673	728	672
728	729	727
673	728	730
728	729	731
675	730	673
730	731	728
731	732	729
675	730	733
730	731	734
731	732	735
678	733	675
733	734	730
734	735	731
735	736	732
678	733	737
733	734	738
734	735	739
735	736	740
682	737	678
737	738	733
738	739	734
739	740	735
740	741	736
682	737	742
737	738	743
738	739	744
739	740	745
740	741	746
687	742	682
742	743	737
743	744	738
744	745	739
745	746	740
746	747	741
687	742	748
742	743	749
743	744	750
744	745	751
745	746	752
746	747	753
693	748	687
748	749	742
749	750	743
750	751	744
751	752	745
752	753	746
753	754	747
693	748	755
748	749	756
749	750	757
750	751	758
751	752	759
752	753	760
753	754	761
700	755	693
755	756	748
756	757	749
757	758	750
758	759	751
759	760	752
760	761	753
761	762	754
700	755	763
755	756	764
756	757	765
757	758	766
758	759	767
759	760	768
760	761	769
761	762	770
708	763	700
763	764	755
764	765	756
765	766	757
766	767	758
767	768	759
768	769	760
769	770	761
770	771	762
708	763	772
763	764	773
764	765	774
765	766	775
766	767	776
767	768	777
768	769	778
769	770	779
770	771	780
717	772	708
772	773	763
773	774	764
774	775	765
775	776	766
776	777	767
777	778	768
778	779	769
779	780	770
780	781	771
717	772	782
772	773	783
773	774	784
774	775	785
775	776	786
776	777	787
777	778	788
778	779	789
779	780	790
780	781	791
661	782	717
782	783	772
783	784	773
784	785	774
785	786	775
786	787	776
787	788	777
788	789	778
789	790	779
790	791	780
791	792	781
727	531	530
727	531	793
729	793	727
793	532	531
729	793	794
793	532	795
732	794	729
794	795	793
795	533	532
732	794	796
794	795	797
795	533	798
736	796	732
796	797	794
797	798	795
798	534	533
736	796	799
796	797	800
797	798	801
798	534	802
741	799	736
799	800	796
800	801	797
801	802	798
802	535	534
741	799	803
799	800	804
800	801	805
801	802	806
802	535	807
747	803	741
803	804	799
804	805	800
805	806	801
806	807	802
807	536	535
747	803	808
803	804	809
804	805	810
805	806	811
806	807	812
807	536	813
754	808	747
808	809	803
809	810	804
810	811	805
811	812	806
812	813	807
813	537	536
754	808	814
808	809	815
809	810	816
810	811	817
811	812	818
812	813	819
813	537	820
762	814	754
814	815	808
815	816	809
816	817	810
817	818	811
818	819	812
819	820	813
820	538	537
762	814	821
814	815	822
815	816	823
816	817	824
817	818	825
818	819	826
819	820	827
820	538	828
771	821	762
821	822	814
822	823	815
823	824	816
824	825	817
825	826	818
826	827	819
827	828	820
828	539	538
771	821	829
821	822	830
822	823	831
823	824	832
824	825	833
825	826	834
826	827	835
827	828	836
828	539	837
781	829	771
829	830	821
830	831	822
831	832	823
832	833	824
833	834	825
834	835	826
835	836	827
836	837	828
837	540	539
781	829	838
829	830	839
830	831	840
831	832	841
832	833	842
833	834	843
834	835	844
835	836	845
836	837	846
837	540	847
792	838	781
838	839	829
839	840	830
840	841	831
841	842	832
842	843	833
843	844	834
844	845	835
845	846	836
846	847	837
847	474	540
838	848	792
838	848	849
839	849	838
849	850	848
839	849	851
849	850	852
840	851	839
851	852	849
852	853	850
840	851	854
851	852	855
852	853	856
841	854	840
854	855	851
855	856	852
856	857	853
841	854	858
854	855	859
855	856	860
856	857	861
842	858	841
858	859	854
859	860	855
860	861	856
861	862	857
842	858	863
858	859	864
859	860	865
860	861	866
861	862	867
843	863	842
863	864	858
864	865	859
865	866	860
866	867	861
867	868	862
843	863	869
863	864	870
864	865	871
865	866	872
866	867	873
867	868	874
844	869	843
869	870	863
870	871	864
871	872	865
872	873	866
873	874	867
874	875	868
844	869	876
869	870	877
870	871	878
871	872	879
872	873	880
873	874	881
874	875	882
845	876	844
876	877	869
877	878	870
878	879	871
879	880	872
880	881	873
881	882	874
882	883	875
845	876	884
876	877	885
877	878	886
878	879	887
879	880	888
880	881	889
881	882	890
882	883	891
846	884	845
884	885	876
885	886	877
886	887	878
887	888	879
888	889	880
889	890	881
890	891	882
891	892	883
846	884	893
884	885	894
885	886	895
886	887	896
887	888	897
888	889	898
889	890	899
890	891	900
891	892	901
847	893	846
893	894	884
894	895	885
895	896	886
896	897	887
897	898	888
898	899	889
899	900	890
900	901	891
901	902	892
847	893	903
893	894	904
894	895	905
895	896	906
896	897	907
897	898	908
898	899	909
899	900	910
900	901	911
901	902	912
474	903	847
903	904	893
904	905	894
905	906	895
906	907	896
907	908	897
908	909	898
909	910	899
910	911	900
911	912	901
912	78	902
464	913	210
464	913	914
465	914	464
914	915	913
465	914	916
914	915	917
466	916	465
916	917	914
917	918	915
466	916	919
916	917	920
917	918	921
467	919	466
919	920	916
920	921	917
921	922	918
467	919	923
919	920	924
920	921	925
921	922	926
468	923	467
923	924	919
924	925	920
925	926	921
926	927	922
468	923	928
923	924	929
924	925	930
925	926	931
926	927	932
469	928	468
928	929	923
929	930	924
930	931	925
931	932	926
932	933	927
469	928	934
928	929	935
929	930	936
930	931	937
931	932	938
932	933	939
470	934	469
934	935	928
935	936	929
936	937	930
937	938	931
938	939	932
939	940	933
470	934	941
934	935	942
935	936	943
936	937	944
937	938	945
938	939	946
939	940	947
471	941	470
941	942	934
942	943	935
943	944	936
944	945	937
945	946	938
946	947	939
947	948	940
471	941	949
941	942	950
942	943	951
943	944	952
944	945	953
945	946	954
946	947	955
947	948	956
472	949	471
949	950	941
950	951	942
951	952	943
952	953	944
953	954	945
954	955	946
955	956	947
956	957	948
472	949	958
949	950	959
950	951	960
951	952	961
952	953	962
953	954	963
954	955	964
955	956	965
956	957	966
473	958	472
958	959	949
959	960	950
960	961	951
961	962	952
962	963	953
963	964	954
964	965	955
965	966	956
966	967	957
473	958	903
958	959	904
959	960	905
960	961	906
961	962	907
962	963	908
963	964	909
964	965	910
965	966	911
966	967	912
474	903	473
903	904	958
904	905	959
905	906	960
906	907	961
907	908	962
908	909	963
909	910	964
910	911	965
911	912	966
912	78	967
3	145	1
3	145	968
6	968	3
968	147	145
6	968	969
968	147	970
10	969	6
969	970	968
970	150	147
10	969	971
969	970	972
970	150	973
15	971	10
971	972	969
972	973	970
973	154	150
15	971	974
971	972	975
972	973	976
973	154	977
21	974	15
974	975	971
975	976	972
976	977	973
977	159	154
21	974	978
974	975	979
975	976	980
976	977	981
977	159	982
28	978	21
978	979	974
979	980	975
980	981	976
981	982	977
982	165	159
28	978	983
978	979	984
979	980	985
980	981	986
981	982	987
982	165	988
36	983	28
983	984	978
984	985	979
985	986	980
986	987	981
987	988	982
988	172	165
36	983	989
983	984	990
984	985	991
985	986	992
986	987	993
987	988	994
988	172	995
45	989	36
989	990	983
990	991	984
991	992	985
992	993	986
993	994	987
994	995	988
995	180	172
45	989	996
989	990	997
990	991	998
991	992	999
992	993	1000
993	994	1001
994	995	1002
995	180	1003
55	996	45
996	997	989
997	998	990
998	999	991
999	1000	992
1000	1001	993
1001	1002	994
1002	1003	995
1003	189	180
55	996	1004
996	997	1005
997	998	1006
998	999	1007
999	1000	1008
1000	1001	1009
1001	1002	1010
1002	1003	1011
1003	189	1012
66	1004	55
1004	1005	996
1005	1006	997
1006	1007	998
1007	1008	999
1008	1009	1000
1009	1010	1001
1010	1011	1002
1011	1012	1003
1012	199	189
66	1004	967
1004	1005	957
1005	1006	948
1006	1007	940
1007	1008	933
1008	1009	927
1009	1010	922
1010	1011	918
1011	1012	915
1012	199	913
78	967	66
967	957	1004
957	948	1005
948	940	1006
940	933	1007
933	927	1008
927	922	1009
922	918	1010
918	915	1011
915	913	1012
913	210	199
267	408	221
267	408	1013
268	1013	267
1013	407	408
268	1013	1014
1013	407	1015
269	1014	268
1014	1015	1013
1015	406	407
269	1014	1016
1014	1015	1017
1015	406	1018
270	1016	269
1016	1017	1014
1017	1018	1015
1018	405	406
270	1016	1019
1016	1017	1020
1017	1018	1021
1018	405	1022
271	1019	270
1019	1020	1016
1020	1021	1017
1021	1022	1018
1022	404	405
271	1019	1023
1019	1020	1024
1020	1021	1025
1021	1022	1026
1022	404	1027
272	1023	271
1023	1024	1019
1024	1025	1020
1025	1026	1021
1026	1027	1022
1027	403	404
272	1023	1028
1023	1024	1029
1024	1025	1030
1025	1026	1031
1026	1027	1032
1027	403	1033
273	1028	272
1028	1029	1023
1029	1030	1024
1030	1031	1025
1031	1032	1026
1032	1033	1027
1033	402	403
273	1028	1034
1028	1029	1035
1029	1030	1036
1030	1031	1037
1031	1032	1038
1032	1033	1039
1033	402	1040
274	1034	273
1034	1035	1028
1035	1036	1029
1036	1037	1030
1037	1038	1031
1038	1039	1032
1039	1040	1033
1040	401	402
274	1034	1041
1034	1035	1042
1035	1036	1043
1036	1037	1044
1037	1038	1045
1038	1039	1046
1039	1040	1047
1040	401	1048
275	1041	274
1041	1042	1034
1042	1043	1035
1043	1044	1036
1044	1045	1037
1045	1046	1038
1046	1047	1039
1047	1048	1040
1048	400	401
275	1041	1049
1041	1042	1050
1042	1043	1051
1043	1044	1052
1044	1045	1053
1045	1046	1054
1046	1047	1055
1047	1048	1056
1048	400	1057
276	1049	275
1049	1050	1041
1050	1051	1042
1051	1052	1043
1052	1053	1044
1053	1054	1045
1054	1055	1046
1055	1056	1047
1056	1057	1048
1057	399	400
276	1049	597
1049	1050	600
1050	1051	604
1051	1052	609
1052	1053	615
1053	1054	622
1054	1055	630
1055	1056	639
1056	1057	649
1057	399	660
144	597	276
597	600	1049
600	604	1050
604	609	1051
609	615	1052
615	622	1053
622	630	1054
630	639	1055
639	649	1056
649	660	1057
660	398	399
68	1058	67
68	1058	1059
69	1059	68
1059	1060	1058
69	1059	1061
1059	1060	1062
70	1061	69
1061	1062	1059
1062	1063	1060
70	1061	1064
1061	1062	1065
1062	1063	1066
71	1064	70
1064	1065	1061
1065	1066	1062
1066	1067	1063
71	1064	1068
1064	1065	1069
1065	1066	1070
1066	1067	1071
72	1068	71
1068	1069	1064
1069	1070	1065
1070	1071	1066
1071	1072	1067
72	1068	1073
1068	1069	1074
1069	1070	1075
1070	1071	1076
1071	1072	1077
73	1073	72
1073	1074	1068
1074	1075	1069
1075	1076	1070
1076	1077	1071
1077	1078	1072
73	1073	1079
1073	1074	1080
1074	1075	1081
1075	1076	1082
1076	1077	1083
1077	1078	1084
74	1079	73
1079	1080	1073
1080	1081	1074
1081	1082	1075
1082	1083	1076
1083	1084	1077
1084	1085	1078
74	1079	1086
1079	1080	1087
1080	1081	1088
1081	1082	1089
1082	1083	1090
1083	1084	1091
1084	1085	1092
75	1086	74
1086	1087	1079
1087	1088	1080
1088	1089	1081
1089	1090	1082
1090	1091	1083
1091	1092	1084
1092	1093	1085
75	1086	1094
1086	1087	1095
1087	1088	1096
1088	1089	1097
1089	1090	1098
1090	1091	1099
1091	1092	1100
1092	1093	1101
76	1094	75
1094	1095	1086
1095	1096	1087
1096	1097	1088
1097	1098	1089
1098	1099	1090
1099	1100	1091
1100	1101	1092
1101	1102	1093
76	1094	1103
1094	1095	1104
1095	1096	1105
1096	1097	1106
1097	1098	1107
1098	1099	1108
1099	1100	1109
1100	1101	1110
1101	1102	1111
77	1103	76
1103	1104	1094
1104	1105	1095
1105	1106	1096
1106	1107	1097
1107	1108	1098
1108	1109	1099
1109	1110	1100
1110	1111	1101
1111	1112	1102
77	1103	902
1103	1104	892
1104	1105	883
1105	1106	875
1106	1107	868
1107	1108	862
1108	1109	857
1109	1110	853
1110	1111	850
1111	1112	848
78	902	77
902	892	1103
892	883	1104
883	875	1105
875	868	1106
868	862	1107
862	857	1108
857	853	1109
853	850	1110
850	848	1111
848	792	1112
1113	1058	67
1113	1058	1115
1114	1115	1113
1115	1060	1058
1114	1115	1117
1115	1060	1118
1116	1117	1114
1117	1118	1115
1118	1063	1060
1116	1117	1120
1117	1118	1121
1118	1063	1122
1119	1120	1116
1120	1121	1117
1121	1122	1118
1122	1067	1063
1119	1120	1124
1120	1121	1125
1121	1122	1126
1122	1067	1127
1123	1124	1119
1124	1125	1120
1125	1126	1121
1126	1127	1122
1127	1072	1067
1123	1124	1129
1124	1125	1130
1125	1126	1131
1126	1127	1132
1127	1072	1133
1128	1129	1123
1129	1130	1124
1130	1131	1125
1131	1132	1126
1132	1133	1127
1133	1078	1072
1128	1129	1135
1129	1130	1136
1130	1131	1137
1131	1132	1138
1132	1133	1139
1133	1078	1140
1134	1135	1128
1135	1136	1129
1136	1137	1130
1137	1138	1131
1138	1139	1132
1139	1140	1133
1140	1085	1078
1134	1135	1142
1135	1136	1143
1136	1137	1144
1137	1138	1145
1138	1139	1146
1139	1140	1147
1140	1085	1148
1141	1142	1134
1142	1143	1135
1143	1144	1136
1144	1145	1137
1145	1146	1138
1146	1147	1139
1147	1148	1140
1148	1093	1085
1141	1142	1150
1142	1143	1151
1143	1144	1152
1144	1145	1153
1145	1146	1154
1146	1147	1155
1147	1148	1156
1148	1093	1157
1149	1150	1141
1150	1151	1142
1151	1152	1143
1152	1153	1144
1153	1154	1145
1154	1155	1146
1155	1156	1147
1156	1157	1148
1157	1102	1093
1149	1150	1159
1150	1151	1160
1151	1152	1161
1152	1153	1162
1153	1154	1163
1154	1155	1164
1155	1156	1165
1156	1157	1166
1157	1102	1167
1158	1159	1149
1159	1160	1150
1160	1161	1151
1161	1162	1152
1162	1163	1153
1163	1164	1154
1164	1165	1155
1165	1166	1156
1166	1167	1157
1167	1112	1102
1158	1159	782
1159	1160	783
1160	1161	784
1161	1162	785
1162	1163	786
1163	1164	787
1164	1165	788
1165	1166	789
1166	1167	790
1167	1112	791
661	782	1158
782	783	1159
783	784	1160
784	785	1161
785	786	1162
786	787	1163
787	788	1164
788	789	1165
789	790	1166
790	791	1167
791	792	1112
1113	134	67
1113	134	1168
1114	1168	1113
1168	135	134
1114	1168	1169
1168	135	1170
1116	1169	1114
1169	1170	1168
1170	136	135
1116	1169	1171
1169	1170	1172
1170	136	1173
1119	1171	1116
1171	1172	1169
1172	1173	1170
1173	137	136
1119	1171	1174
1171	1172	1175
1172	1173	1176
1173	137	1177
1123	1174	1119
1174	1175	1171
1175	1176	1172
1176	1177	1173
1177	138	137
1123	1174	1178
1174	1175	1179
1175	1176	1180
1176	1177	1181
1177	138	1182
1128	1178	1123
1178	1179	1174
1179	1180	1175
1180	1181	1176
1181	1182	1177
1182	139	138
1128	1178	1183
1178	1179	1184
1179	1180	1185
1180	1181	1186
1181	1182	1187
1182	139	1188
1134	1183	1128
1183	1184	1178
1184	1185	1179
1185	1186	1180
1186	1187	1181
1187	1188	1182
1188	140	139
1134	1183	1189
1183	1184	1190
1184	1185	1191
1185	1186	1192
1186	1187	1193
1187	1188	1194
1188	140	1195
1141	1189	1134
1189	1190	1183
1190	1191	1184
1191	1192	1185
1192	1193	1186
1193	1194	1187
1194	1195	1188
1195	141	140
1141	1189	1196
1189	1190	1197
1190	1191	1198
1191	1192	1199
1192	1193	1200
1193	1194	1201
1194	1195	1202
1195	141	1203
1149	1196	1141
1196	1197	1189
1197	1198	1190
1198	1199	1191
1199	1200	1192
1200	1201	1193
1201	1202	1194
1202	1203	1195
1203	142	141
1149	1196	1204
1196	1197	1205
1197	1198	1206
1198	1199	1207
1199	1200	1208
1200	1201	1209
1201	1202	1210
1202	1203	1211
1203	142	1212
1158	1204	1149
1204	1205	1196
1205	1206	1197
1206	1207	1198
1207	1208	1199
1208	1209	1200
1209	1210	1201
1210	1211	1202
1211	1212	1203
1212	143	142
1158	1204	650
1204	1205	640
1205	1206	631
1206	1207	623
1207	1208	616
1208	1209	610
1209	1210	605
1210	1211	601
1211	1212	598
1212	143	596
661	650	1158
650	640	1204
640	631	1205
631	623	1206
623	616	1207
616	610	1208
610	605	1209
605	601	1210
601	598	1211
598	596	1212
596	144	143
