0.005783446251565572
0.00752711382509208
0.007513304288935263
0.008561014678543089
0.008359807050418944
0.00853424013898696
0.009501036653983164
0.009429002810469989
0.00941700682508495
0.009460541552728685
0.010226788454640534
0.010339212255603414
0.010524324915030636
0.010314778436145478
0.010174405430853461
0.010624707281805534
0.01095737122429652
0.011387765345575396
0.011375461226474481
0.010922785976403837
0.010565172054856298
0.010624707281806423
0.01117708923352101
0.011864271770292145
0.012101362949762606
0.011842309432032128
0.011137329720549705
0.01056475223818154
0.010226788454639646
0.01095737122429652
0.011864271770292145
0.012360441334862138
0.01235100970489933
0.011837854631513878
0.01091879218045344
0.01017322331065218
0.009501036653983164
0.01033921225560297
0.011387765345575396
0.012101362949763494
0.012351009704897997
0.012087642952949729
0.011362965626821264
0.0103075230267482
0.009458798013503689
0.008561014678543977
0.00942900281047132
0.010524324915029304
0.011375461226476702
0.011842309432032128
0.011837854631514322
0.011362965626817267
0.010506027269694407
0.009407664810921368
0.00853218702245373
0.007527113825090304
0.008359807050419388
0.00941700682508495
0.01031477843614681
0.010922785976402949
0.011137329720550593
0.010918792180396153
0.0103075230267482
0.009407664810922256
0.00834960491832426
0.007511172763165153
0.005783446251565572
0.007513304288933931
0.00853424013898696
0.009460541552728241
0.010174405430853461
0.010565172054856742
0.01056475223818154
0.01017322331065218
0.009458798013502356
0.008532187022452398
0.0075111727631647085
0.005783446251563795
0.007513304288935263
0.008359807050418944
0.00853424013898696
0.009429002810469989
0.00941700682508495
0.009460541552728241
0.010339212255603414
0.010524324915030636
0.010314778436145478
0.010174405430853017
0.01095737122429652
0.011387765345575396
0.011375461226474481
0.010922785976403837
0.010565172054856742
0.01117708923352101
0.011864271770292145
0.012101362949762606
0.011842309432032128
0.011137329720549705
0.01056475223818154
0.01095737122429652
0.011864271770292145
0.012360441334862138
0.01235100970489933
0.011837854631513878
0.01091879218045344
0.01017322331065218
0.01033921225560297
0.011387765345575396
0.012101362949763494
0.012351009704897997
0.012087642952949729
0.011362965626821264
0.0103075230267482
0.009458798013503689
0.00942900281047132
0.010524324915029304
0.011375461226476702
0.011842309432032128
0.011837854631514322
0.011362965626817267
0.010506027269694407
0.009407664810921368
0.00853218702245373
0.008359807050419388
0.00941700682508495
0.01031477843614681
0.010922785976402949
0.011137329720550593
0.010918792180396153
0.0103075230267482
0.009407664810922256
0.00834960491832426
0.007511172763165153
0.007513304288933931
0.00853424013898696
0.009460541552727797
0.010174405430853017
0.010565172054857186
0.01056475223818154
0.01017322331065218
0.009458798013502356
0.008532187022452398
0.0075111727631647085
0.005783446251563351
0.007511172763165597
0.007511172763165597
0.008532187022452842
0.008349604918325149
0.008532187022452398
0.009458798013503245
0.009407664810916927
0.0094076648109227
0.009458798013503245
0.01017322331065218
0.010307523026747756
0.010506027269694407
0.010307523026749088
0.01017322331065218
0.010564752238245045
0.010918792180395709
0.011362965626817711
0.011362965626818156
0.010918792180395709
0.010564752238245045
0.010565172054860739
0.011137329720551481
0.011837854631522315
0.012087642952954614
0.01183785463152276
0.011137329720552813
0.010565172054860739
0.010174405430853017
0.010922785976403837
0.011842309432034348
0.012351009704900218
0.012351009704901106
0.011842309432032572
0.010922785976403837
0.010174405430852573
0.009460541552727353
0.010314778436145922
0.011375461226482475
0.012101362949770156
0.012360441334868355
0.0121013629497706
0.011375461226482475
0.01031477843614459
0.00946054155272602
0.00853424013898696
0.009417006825152452
0.010524324915031968
0.011387765345576728
0.011864271770295698
0.011864271770295698
0.011387765345576284
0.010524324915031524
0.009417006825156893
0.008534240138986515
0.007513304288941924
0.008359807050420276
0.009429002810466436
0.01033921225560519
0.01095737122429874
0.011177089233526338
0.01095737122429874
0.010339212255602082
0.009429002810466436
0.008359807050422496
0.007513304288941924
0.005783446251565572
0.00752711382509208
0.008561014678546641
0.009501036653984052
0.010226788454641422
0.010624707281806423
0.01062470728180731
0.010226788454641422
0.009501036653984052
0.008561014678546641
0.007527113825092968
0.005783446251565572
0.008330849074377866
0.009384866347261767
0.009384866347260434
0.01028052492929632
0.01047666160995897
0.010280524929296764
0.010887978665802489
0.011326635224564452
0.011326635224566228
0.010887978665806042
0.01110373499063888
0.011795214628358863
0.012041618494385453
0.011795214628358863
0.011103734990643321
0.010887978665800713
0.011795214628359307
0.012296618676965743
0.01229661867696441
0.011795214628357975
0.010887978665806486
0.01028052492929854
0.011326635224560455
0.012041618494385009
0.012296618676914228
0.012041618494385897
0.011326635224564452
0.010280524929294543
0.009384866347262655
0.010476661609958082
0.01132663522456534
0.011795214628358863
0.011795214628359751
0.011326635224561343
0.010476661609957194
0.009384866347263099
0.008330849074381419
0.009384866347258214
0.010280524929298096
0.010887978665802489
0.011103734990641101
0.01088797866580471
0.010280524929302093
0.009384866347264431
0.00833084907437609
0.00751117276317137
0.008532187022450177
0.009458798013500136
0.010173223310650847
0.010564752238244601
0.01056517205485985
0.010174405430851685
0.009460541552728241
0.008534240138985627
0.007513304288934375
0.005783446251565572
0.007511172763165597
0.007511172763165597
0.008532187022452842
0.008349604918325149
0.008532187022452398
0.009458798013503245
0.009407664810916927
0.0094076648109227
0.009458798013503245
0.01017322331065218
0.010307523026747756
0.010506027269694407
0.010307523026749088
0.01017322331065218
0.010564752238245045
0.010918792180395709
0.011362965626817711
0.011362965626818156
0.010918792180395709
0.010564752238245045
0.010565172054860739
0.011137329720551481
0.011837854631522315
0.012087642952954614
0.01183785463152276
0.011137329720552813
0.010565172054860739
0.010174405430852573
0.010922785976403837
0.011842309432034348
0.012351009704900218
0.012351009704901106
0.011842309432032572
0.010922785976403837
0.010174405430853017
0.009460541552726465
0.010314778436145922
0.011375461226482475
0.012101362949770156
0.012360441334868355
0.0121013629497706
0.011375461226482475
0.01031477843614459
0.009460541552726909
0.008534240138986515
0.009417006825152452
0.010524324915031968
0.011387765345576728
0.011864271770295698
0.011864271770295698
0.011387765345576284
0.010524324915031524
0.009417006825156893
0.00853424013898696
0.007513304288941924
0.008359807050420276
0.009429002810466436
0.01033921225560519
0.01095737122429874
0.011177089233526338
0.01095737122429874
0.010339212255602082
0.009429002810466436
0.008359807050422496
0.007513304288941924
0.007513304288935263
0.00853424013898696
0.008330849074375646
0.009460541552728685
0.009384866347258658
0.009384866347259546
0.010174405430853461
0.010280524929297208
0.010476661609957194
0.010280524929296764
0.010565172054856298
0.010887978665802933
0.011326635224564008
0.011326635224564452
0.010887978665802489
0.01056475223818154
0.011103734990643765
0.01179521462836064
0.012041618494385453
0.011795214628358863
0.011103734990640213
0.01017322331065218
0.010887978665800713
0.01179521462835531
0.012296618676962634
0.012296618676965743
0.011795214628360196
0.010887978665803821
0.009458798013503689
0.010280524929294543
0.011326635224564008
0.012041618494384565
0.012296618676914228
0.012041618494384565
0.011326635224560455
0.01028052492929854
0.00853218702245373
0.009384866347263543
0.010476661609957194
0.01132663522456312
0.011795214628358863
0.01179521462835842
0.0113266352245609
0.01047666160995675
0.009384866347263099
0.007511172763165153
0.00833084907437609
0.009384866347262655
0.010280524929299872
0.010887978665804265
0.011103734990640657
0.010887978665801601
0.01028052492929632
0.009384866347258214
0.008330849074381863
0.005783446251562907
0.007513304288934375
0.008534240138986515
0.009460541552726909
0.010174405430851685
0.0105651720549238
0.010564752238182429
0.010173223310650847
0.009458798013500136
0.008532187022450177
0.00751117276317137
0.007513304288935263
0.008330849074377866
0.00853424013898696
0.009384866347261767
0.009384866347260434
0.009460541552728241
0.01028052492929632
0.01047666160995897
0.010280524929296764
0.010174405430853017
0.010887978665802489
0.011326635224564452
0.011326635224566228
0.010887978665806042
0.010565172054856742
0.01110373499063888
0.011795214628358863
0.012041618494385453
0.011795214628358863
0.011103734990643321
0.01056475223818154
0.010887978665800713
0.011795214628359307
0.012296618676965743
0.01229661867696441
0.011795214628357975
0.010887978665806486
0.01017322331065218
0.01028052492929854
0.011326635224560455
0.012041618494385009
0.012296618676914228
0.012041618494385897
0.011326635224564452
0.010280524929294543
0.009458798013503689
0.009384866347262655
0.010476661609958082
0.01132663522456534
0.011795214628358863
0.011795214628359751
0.011326635224561343
0.010476661609957194
0.009384866347263099
0.00853218702245373
0.008330849074381419
0.009384866347258214
0.010280524929298096
0.010887978665802489
0.011103734990641101
0.01088797866580471
0.010280524929302093
0.009384866347264431
0.00833084907437609
0.007511172763165153
0.00751117276317137
0.008532187022450177
0.009458798013500136
0.010173223310650847
0.010564752238244601
0.01056517205485985
0.010174405430851685
0.009460541552728241
0.008534240138985627
0.007513304288934375
0.005783446251563795
0.00752711382509208
0.008561014678543089
0.008359807050418944
0.009501036653983164
0.009429002810469989
0.00941700682508495
0.010226788454640534
0.010339212255603414
0.010524324915030636
0.010314778436145478
0.010624707281805534
0.01095737122429652
0.011387765345575396
0.011375461226474481
0.010922785976403837
0.010624707281806423
0.01117708923352101
0.011864271770292145
0.012101362949762606
0.011842309432032128
0.011137329720549705
0.010226788454639646
0.01095737122429652
0.011864271770292145
0.012360441334862138
0.01235100970489933
0.011837854631513878
0.01091879218045344
0.009501036653983164
0.01033921225560297
0.011387765345575396
0.012101362949763494
0.012351009704897997
0.012087642952949729
0.011362965626821264
0.0103075230267482
0.008561014678543977
0.00942900281047132
0.010524324915029304
0.011375461226476702
0.011842309432032128
0.011837854631514322
0.011362965626817267
0.010506027269694407
0.009407664810921368
0.007527113825090304
0.008359807050419388
0.00941700682508495
0.01031477843614681
0.010922785976402949
0.011137329720550593
0.010918792180396153
0.0103075230267482
0.009407664810922256
0.00834960491832426
0.005783446251565572
0.007513304288933931
0.00853424013898696
0.009460541552727797
0.010174405430853017
0.010565172054857186
0.01056475223818154
0.01017322331065218
0.009458798013502356
0.008532187022452398
0.0075111727631647085
0.008359807050418944
0.009429002810469989
0.00941700682508495
0.010339212255603414
0.010524324915030636
0.010314778436145478
0.01095737122429652
0.011387765345575396
0.011375461226474481
0.010922785976403837
0.01117708923352101
0.011864271770292145
0.012101362949762606
0.011842309432032128
0.011137329720549705
0.01095737122429652
0.011864271770292145
0.012360441334862138
0.01235100970489933
0.011837854631513878
0.01091879218045344
0.01033921225560297
0.011387765345575396
0.012101362949763494
0.012351009704897997
0.012087642952949729
0.011362965626821264
0.0103075230267482
0.00942900281047132
0.010524324915029304
0.011375461226476702
0.011842309432032128
0.011837854631514322
0.011362965626817267
0.010506027269694407
0.009407664810921368
0.008359807050419388
0.00941700682508495
0.01031477843614681
0.010922785976402949
0.011137329720550593
0.010918792180396153
0.0103075230267482
0.009407664810922256
0.00834960491832426
0.007513304288933931
0.00853424013898696
0.009460541552727797
0.010174405430853017
0.010565172054857186
0.01056475223818154
0.01017322331065218
0.009458798013502356
0.008532187022452398
0.0075111727631647085
0.007513304288933931
0.007527113825091636
0.00853424013898696
0.008359807050421608
0.008561014678546641
0.009460541552727797
0.009417006825085839
0.009429002810465104
0.009501036653984052
0.01017440543085213
0.010314778436143257
0.010524324915028416
0.010339212255602082
0.010226788454641422
0.0105651720549238
0.010922785976398952
0.011375461226475814
0.01138776534557584
0.010957371224296075
0.010624707281806423
0.010564752238181985
0.01113732972054926
0.011842309432033016
0.01210136294976305
0.01186427177029481
0.01117708923352101
0.01062470728180731
0.010173223310650847
0.010918792180455661
0.011837854631525868
0.012351009704901106
0.012360441334863914
0.011864271770295698
0.01095737122429874
0.010226788454641422
0.009458798013500136
0.010307523026750864
0.011362965626819932
0.012087642952951505
0.01235100970490155
0.012101362949764827
0.01138776534557362
0.010339212255603414
0.009501036653984052
0.008532187022449733
0.009407664810916927
0.010506027269694407
0.011362965626819488
0.01183785463152498
0.011842309432031684
0.011375461226476258
0.010524324915030636
0.009429002810468212
0.008561014678547085
0.007511172763171814
0.008349604918328257
0.009407664810921368
0.010307523026750864
0.01091879218039482
0.011137329720548372
0.010922785976399396
0.01031477843614459
0.00941700682515556
0.008359807050421608
0.007527113825091192
0.005783446251565572
0.00751117276317137
0.008532187022450177
0.009458798013499692
0.010173223310649515
0.010564752238244601
0.010565172054858962
0.01017440543085213
0.009460541552728685
0.008534240138985627
0.007513304288933931
0.007511172763165597
0.008532187022452842
0.008330849074377866
0.009458798013503245
0.009384866347261767
0.009384866347260434
0.01017322331065218
0.01028052492929632
0.01047666160995897
0.010280524929296764
0.010564752238245045
0.010887978665802489
0.011326635224564452
0.011326635224566228
0.010887978665806042
0.010565172054860739
0.01110373499063888
0.011795214628358863
0.012041618494385453
0.011795214628358863
0.011103734990643321
0.010174405430852573
0.010887978665800713
0.011795214628359307
0.012296618676965743
0.01229661867696441
0.011795214628357975
0.010887978665806486
0.009460541552726465
0.01028052492929854
0.011326635224560455
0.012041618494385009
0.012296618676914228
0.012041618494385897
0.011326635224564452
0.010280524929294543
0.008534240138986515
0.009384866347262655
0.010476661609958082
0.01132663522456534
0.011795214628358863
0.011795214628359751
0.011326635224561343
0.010476661609957194
0.009384866347263099
0.007513304288941924
0.008330849074381419
0.009384866347258214
0.010280524929298096
0.010887978665802489
0.011103734990641101
0.01088797866580471
0.010280524929302093
0.009384866347264431
0.00833084907437609
0.007511172763165597
0.008349604918325149
0.008532187022452398
0.009407664810916927
0.0094076648109227
0.009458798013503245
0.010307523026747756
0.010506027269694407
0.010307523026749088
0.01017322331065218
0.010918792180395709
0.011362965626817711
0.011362965626818156
0.010918792180395709
0.010564752238245045
0.011137329720551481
0.011837854631522315
0.012087642952954614
0.01183785463152276
0.011137329720552813
0.010565172054860739
0.010922785976403837
0.011842309432034348
0.012351009704900218
0.012351009704901106
0.011842309432032572
0.010922785976403837
0.010174405430852573
0.010314778436145922
0.011375461226482475
0.012101362949770156
0.012360441334868355
0.0121013629497706
0.011375461226482475
0.01031477843614459
0.00946054155272602
0.009417006825152452
0.010524324915031968
0.011387765345576728
0.011864271770295698
0.011864271770295698
0.011387765345576284
0.010524324915031524
0.009417006825156893
0.008534240138986515
0.008359807050420276
0.009429002810466436
0.01033921225560519
0.01095737122429874
0.011177089233526338
0.01095737122429874
0.010339212255602082
0.009429002810466436
0.008359807050422496
0.007513304288941924
0.00752711382509208
0.008561014678546641
0.009501036653984052
0.010226788454641422
0.010624707281806423
0.01062470728180731
0.010226788454641422
0.009501036653984052
0.008561014678546641
0.007527113825092968
0.005783446251565572
0.008330849074377866
0.009384866347261767
0.009384866347260434
0.01028052492929632
0.01047666160995897
0.010280524929296764
0.010887978665802489
0.011326635224564452
0.011326635224566228
0.010887978665806042
0.01110373499063888
0.011795214628358863
0.012041618494385453
0.011795214628358863
0.011103734990643321
0.010887978665800713
0.011795214628359307
0.012296618676965743
0.01229661867696441
0.011795214628357975
0.010887978665806486
0.01028052492929854
0.011326635224560455
0.012041618494385009
0.012296618676914228
0.012041618494385897
0.011326635224564452
0.010280524929294543
0.009384866347262655
0.010476661609958082
0.01132663522456534
0.011795214628358863
0.011795214628359751
0.011326635224561343
0.010476661609957194
0.009384866347263099
0.008330849074381419
0.009384866347258214
0.010280524929298096
0.010887978665802489
0.011103734990641101
0.01088797866580471
0.010280524929302093
0.009384866347264431
0.00833084907437609
0.00751117276317137
0.008532187022450177
0.009458798013500136
0.010173223310650847
0.010564752238244601
0.01056517205485985
0.010174405430851685
0.009460541552728241
0.008534240138985627
0.007513304288934375
0.00751117276317137
0.00834960491832959
0.008532187022450177
0.009407664810921812
0.009407664810923588
0.009458798013500136
0.01030752302675264
0.010506027269692186
0.010307523026753085
0.010173223310650847
0.010918792180392156
0.011362965626816823
0.011362965626817267
0.010918792180393044
0.01056475223824549
0.011137329720552813
0.011837854631526312
0.012087642952954614
0.011837854631525424
0.011137329720551925
0.010565172054861183
0.010922785976402949
0.011842309432033016
0.012351009704901106
0.012351009704901106
0.011842309432033016
0.010922785976402949
0.010174405430851685
0.01031477843614459
0.011375461226481143
0.012101362949770156
0.012360441334868355
0.0121013629497706
0.011375461226481143
0.01031477843614459
0.009460541552728241
0.009417006825156005
0.010524324915030192
0.011387765345577172
0.011864271770295698
0.011864271770295698
0.011387765345576284
0.010524324915030192
0.009417006825156005
0.008534240138985627
0.008359807050421164
0.00942900281046688
0.010339212255606078
0.01095737122429874
0.011177089233526338
0.01095737122429874
0.010339212255602082
0.00942900281046688
0.008359807050421608
0.007513304288934375
0.007527113825091192
0.008561014678546641
0.009501036653984052
0.010226788454641422
0.010624707281806423
0.01062470728180731
0.010226788454641422
0.009501036653984052
0.008561014678546641
0.00752711382509208
0.00751117276317137
0.00834960491832959
0.008532187022450177
0.009407664810921812
0.009407664810923588
0.009458798013500136
0.01030752302675264
0.010506027269692186
0.010307523026753085
0.010173223310650847
0.010918792180392156
0.011362965626816823
0.011362965626817267
0.010918792180393044
0.01056475223824549
0.011137329720552813
0.011837854631526312
0.012087642952954614
0.011837854631525424
0.011137329720551925
0.010565172054861183
0.010922785976402949
0.011842309432033016
0.012351009704901106
0.012351009704901106
0.011842309432033016
0.010922785976402949
0.010174405430851685
0.01031477843614459
0.011375461226481143
0.012101362949770156
0.012360441334868355
0.0121013629497706
0.011375461226481143
0.01031477843614459
0.009460541552728241
0.009417006825156005
0.010524324915030192
0.011387765345577172
0.011864271770295698
0.011864271770295698
0.011387765345576284
0.010524324915030192
0.009417006825156005
0.008534240138985627
0.008359807050421164
0.00942900281046688
0.010339212255606078
0.01095737122429874
0.011177089233526338
0.01095737122429874
0.010339212255602082
0.00942900281046688
0.008359807050421608
0.007513304288934375
0.008330849074375646
0.009384866347258658
0.009384866347259546
0.010280524929297208
0.010476661609957194
0.010280524929296764
0.010887978665802933
0.011326635224564008
0.011326635224564452
0.010887978665802489
0.011103734990643765
0.01179521462836064
0.012041618494385453
0.011795214628358863
0.011103734990640213
0.010887978665800713
0.01179521462835531
0.012296618676962634
0.012296618676965743
0.011795214628360196
0.010887978665803821
0.010280524929294543
0.011326635224564008
0.012041618494384565
0.012296618676914228
0.012041618494384565
0.011326635224560455
0.01028052492929854
0.009384866347263543
0.010476661609957194
0.01132663522456312
0.011795214628358863
0.01179521462835842
0.0113266352245609
0.01047666160995675
0.009384866347263099
0.00833084907437609
0.009384866347263987
0.010280524929299872
0.010887978665804265
0.011103734990641101
0.010887978665801601
0.01028052492929632
0.009384866347258214
0.008330849074381863
0.00834960491832959
0.009407664810921812
0.009407664810923588
0.01030752302675264
0.010506027269692186
0.010307523026753085
0.010918792180392156
0.011362965626816823
0.011362965626817267
0.010918792180393044
0.011137329720552813
0.011837854631526312
0.012087642952954614
0.011837854631525424
0.011137329720552813
0.010922785976402949
0.011842309432033016
0.012351009704901106
0.012351009704901106
0.011842309432033016
0.010922785976402949
0.01031477843614459
0.011375461226481143
0.012101362949770156
0.012360441334868355
0.0121013629497706
0.011375461226481143
0.01031477843614459
0.009417006825156005
0.010524324915030192
0.011387765345577172
0.011864271770295698
0.011864271770295698
0.011387765345576284
0.010524324915030192
0.009417006825156449
0.008359807050421164
0.00942900281046688
0.010339212255606078
0.01095737122429874
0.011177089233526338
0.01095737122429874
0.010339212255602082
0.00942900281046688
0.008359807050421608
0.007511172763165597
0.008330849074375646
0.008532187022452398
0.009384866347258658
0.009384866347259546
0.009458798013503245
0.010280524929297208
0.010476661609957194
0.010280524929296764
0.01017322331065218
0.010887978665802933
0.011326635224564008
0.011326635224564452
0.010887978665802489
0.010564752238245045
0.011103734990643765
0.01179521462836064
0.012041618494385453
0.011795214628358863
0.011103734990640213
0.010565172054860739
0.010887978665800713
0.01179521462835531
0.012296618676962634
0.012296618676965743
0.011795214628360196
0.010887978665803821
0.010174405430853017
0.010280524929294543
0.011326635224564008
0.012041618494384565
0.012296618676914228
0.012041618494384565
0.011326635224560455
0.01028052492929854
0.009460541552726909
0.009384866347263543
0.010476661609957194
0.01132663522456312
0.011795214628358863
0.01179521462835842
0.0113266352245609
0.01047666160995675
0.009384866347263099
0.00853424013898696
0.00833084907437609
0.009384866347263987
0.010280524929299872
0.010887978665804265
0.011103734990641101
0.010887978665801601
0.01028052492929632
0.009384866347258214
0.008330849074381863
0.007513304288941924
0.007511172763165597
0.008532187022452842
0.008349604918325149
0.009458798013503245
0.009407664810916927
0.0094076648109227
0.01017322331065218
0.010307523026747756
0.010506027269694407
0.010307523026749088
0.010564752238245045
0.010918792180395709
0.011362965626817711
0.011362965626818156
0.010918792180395709
0.010565172054860739
0.011137329720551481
0.011837854631522315
0.012087642952954614
0.01183785463152276
0.011137329720552813
0.010174405430852573
0.010922785976403837
0.011842309432034348
0.012351009704900218
0.012351009704901106
0.011842309432032572
0.010922785976403837
0.009460541552726465
0.010314778436145922
0.011375461226482475
0.012101362949770156
0.012360441334868355
0.0121013629497706
0.011375461226482475
0.01031477843614459
0.008534240138986515
0.009417006825152452
0.010524324915031968
0.011387765345576728
0.011864271770295698
0.011864271770295698
0.011387765345576284
0.010524324915031524
0.009417006825156893
0.007513304288941924
0.008359807050420276
0.009429002810466436
0.01033921225560519
0.01095737122429874
0.011177089233526338
0.01095737122429874
0.010339212255602082
0.009429002810466436
0.008359807050422496
0.008330849074377866
0.009384866347261767
0.009384866347260434
0.01028052492929632
0.01047666160995897
0.010280524929296764
0.010887978665802489
0.011326635224564452
0.011326635224566228
0.010887978665806042
0.01110373499063888
0.011795214628358863
0.012041618494385453
0.011795214628358863
0.011103734990643321
0.010887978665800713
0.011795214628359307
0.012296618676965743
0.01229661867696441
0.011795214628357975
0.010887978665806486
0.01028052492929854
0.011326635224560455
0.012041618494385009
0.012296618676914228
0.012041618494385897
0.011326635224564452
0.010280524929294543
0.009384866347262655
0.010476661609958082
0.01132663522456534
0.011795214628358863
0.011795214628359751
0.011326635224561343
0.010476661609957194
0.009384866347263099
0.008330849074381419
0.009384866347258214
0.010280524929298096
0.010887978665802489
0.011103734990640657
0.01088797866580471
0.010280524929302093
0.009384866347263099
0.00833084907437609
