0.0018605098815696053
0.0023439138783780677
0.0023403912385520087
0.0025426393235052913
0.0025001533828792333
0.002536832043946724
0.0027406651551613592
0.0027072963204477496
0.002705187768121675
0.002732327275102975
0.002931725650958228
0.00291102531577625
0.0029253472191186347
0.002906567691195683
0.002920710606137966
0.0031085073565204624
0.003104166531067154
0.0031388767134981066
0.003136517320212917
0.0030972264251349912
0.0030948116842179907
0.0032630898091108307
0.0032786008530694133
0.0033374067426876763
0.0033557653904408014
0.003332557411718007
0.0032691953572392407
0.003246889480869708
0.003387608535815545
0.003425852091382353
0.0035117509605409047
0.0035548068753521456
0.0035523195271536245
0.003504446722738752
0.0034141815777219975
0.0033692777957758935
0.0034750751211118924
0.0035378948103033103
0.0036526874030542444
0.003723581081020999
0.003746061525604638
0.003718657459992336
0.003643159564215015
0.003524354587647771
0.003455178815581661
0.00352022525011364
0.0036080764838382073
0.003751950430851636
0.003852456141676619
0.0039031861584697403
0.0039007640987032133
0.0038453532258966305
0.003740631432031183
0.003593239274358506
0.0034994802852761353
0.00352022525011364
0.0036319857857165516
0.0038032746192793176
0.003933380399959052
0.004014120195662052
0.00404010620369144
0.004009553347986916
0.003924557653926186
0.003790769956260931
0.0036165531726557454
0.0034994343409584516
0.003475075121110116
0.0036080764838386514
0.0038032746192788736
0.003960984319904437
0.004071565661854848
0.004127728559050414
0.0041256006091461295
0.004065330568931991
0.003951064733611176
0.0037903027309775794
0.003592805808560584
0.003455043898545007
0.003387608535825315
0.0035378948103037544
0.0037519504308538565
0.003933380399961273
0.004071565661860177
0.0041576392757214364
0.004185731834523754
0.004153869552317335
0.004064288843335984
0.003923080357994824
0.003739260814391354
0.003523515429909363
0.0033690622303095275
0.00326308980910639
0.0034258520913832413
0.0036526874030542444
0.003852456141671734
0.004014120195657167
0.004127728559050414
0.0041857318345224215
0.004184096131811366
0.004122936896974405
0.004006500401880775
0.003842498071358502
0.0036409740287126624
0.003412988239837045
0.003246605842328165
0.003108507356523127
0.003278600853068969
0.0035117509605484543
0.003723581081020999
0.003903186158467964
0.004040106203525351
0.0041256006091461295
0.004153869552317779
0.004122936896973073
0.0040349635853491606
0.003895905244741815
0.0037146081626393546
0.003501579310003944
0.003267716033611201
0.0030944751810930704
0.002931725650958228
0.00310416653106671
0.0033374067426894527
0.0035548068753517015
0.0037460615256059704
0.0039007640987036574
0.0040095533479891365
0.004065330568930214
0.004064288843336428
0.0040065004018794426
0.0038959052447391507
0.0037397041366338257
0.003547317778755499
0.0033291679347762226
0.003095537576303986
0.002920337355762914
0.0027406651551613592
0.0029110253157735855
0.003138876713494998
0.0033557653904408014
0.0035523195271487396
0.003718657459996333
0.0038453532258952983
0.003924557653929295
0.003951064733611176
0.003923080358001041
0.003842498071357614
0.003714608162631361
0.003547317778760384
0.00335007981902935
0.003132773631826069
0.0029047459622999483
0.002731932782846336
0.002542639323503515
0.0027072963204486378
0.0029253472191217433
0.003136517320212917
0.003332557411718007
0.0035044467227391962
0.003643159564214571
0.003740631432032071
0.0037907699562595987
0.0037903027309798
0.003739260814391354
0.003640974028710886
0.0035015793100074966
0.0033291679347762226
0.003132773631830066
0.0029214090073184096
0.002703303534708379
0.002536430084049801
0.002343913878378956
0.0025001533828814537
0.002705187768121675
0.0029065676911952387
0.003097226425133215
0.003269195357239685
0.0034141815777233298
0.003524354587647327
0.003593239274357618
0.0036165531726557454
0.0035928058085588077
0.0035235154299129157
0.003412988239838821
0.0032677160336125333
0.003095537576307983
0.0029047459623003924
0.002703303534708379
0.0024982665426049877
0.0023399931999170676
0.0018605098815696053
0.0023403912385511205
0.00253683204394628
0.002732327275103419
0.002920710606137078
0.0030948116842179907
0.003246889480869264
0.0033692777957758935
0.003455178815581661
0.0034994802852774676
0.0034994343409575634
0.0034550438985423426
0.0033690622303086393
0.0032466058423286093
0.0030944751810930704
0.002920337355762914
0.00273193278284678
0.002536430084048469
0.0023399931999166235
0.001860509881568717
0.0023403912385520087
0.0025001533828792333
0.002536832043946724
0.0027072963204477496
0.002705187768121675
0.002732327275103419
0.00291102531577625
0.0029253472191186347
0.002906567691195683
0.002920710606137966
0.003104166531067154
0.0031388767134981066
0.003136517320212917
0.0030972264251349912
0.0030948116842179907
0.0032786008530694133
0.0033374067426876763
0.0033557653904408014
0.003332557411718007
0.0032691953572392407
0.003246889480870152
0.003425852091382353
0.0035117509605409047
0.0035548068753521456
0.0035523195271536245
0.003504446722738752
0.0034141815777219975
0.0033692777957763376
0.0035378948103033103
0.0036526874030542444
0.003723581081020999
0.003746061525604638
0.003718657459992336
0.003643159564215015
0.003524354587647771
0.003455178815581217
0.0036080764838382073
0.003751950430851636
0.003852456141676619
0.0039031861584697403
0.0039007640987032133
0.0038453532258966305
0.003740631432031183
0.003593239274358506
0.003499480285275691
0.0036319857857165516
0.0038032746192793176
0.003933380399959052
0.004014120195662052
0.00404010620369144
0.004009553347986916
0.003924557653926186
0.003790769956260931
0.0036165531726557454
0.0034994343409580075
0.0036080764838386514
0.0038032746192788736
0.003960984319904437
0.004071565661854848
0.004127728559050414
0.0041256006091461295
0.004065330568931991
0.003951064733611176
0.0037903027309775794
0.003592805808560584
0.0034550438985458953
0.0035378948103037544
0.0037519504308538565
0.003933380399961273
0.004071565661860177
0.0041576392757214364
0.004185731834523754
0.004153869552317335
0.004064288843335984
0.003923080357994824
0.003739260814391354
0.003523515429909363
0.0033690622303095275
0.0034258520913832413
0.0036526874030542444
0.003852456141671734
0.004014120195657167
0.004127728559050414
0.0041857318345224215
0.004184096131811366
0.004122936896974405
0.004006500401880775
0.003842498071358502
0.0036409740287126624
0.003412988239837045
0.003246605842328165
0.003278600853068969
0.0035117509605484543
0.003723581081020999
0.003903186158467964
0.004040106203525351
0.0041256006091461295
0.004153869552317779
0.004122936896973073
0.0040349635853491606
0.003895905244741815
0.0037146081626393546
0.003501579310003944
0.003267716033611201
0.0030944751810930704
0.00310416653106671
0.0033374067426894527
0.0035548068753517015
0.0037460615256059704
0.0039007640987036574
0.0040095533479891365
0.004065330568930214
0.004064288843336428
0.0040065004018794426
0.0038959052447391507
0.0037397041366338257
0.003547317778755499
0.0033291679347762226
0.003095537576303986
0.002920337355762914
0.0029110253157735855
0.003138876713494998
0.0033557653904408014
0.0035523195271487396
0.003718657459996333
0.0038453532258952983
0.003924557653929295
0.003951064733611176
0.003923080358001041
0.003842498071357614
0.003714608162631361
0.003547317778760384
0.00335007981902935
0.003132773631826069
0.0029047459622999483
0.002731932782846336
0.0027072963204486378
0.0029253472191217433
0.003136517320212917
0.003332557411718007
0.0035044467227391962
0.003643159564214571
0.003740631432032071
0.0037907699562595987
0.0037903027309798
0.003739260814391354
0.003640974028710886
0.0035015793100074966
0.0033291679347762226
0.003132773631830066
0.0029214090073184096
0.002703303534708379
0.002536430084049801
0.0025001533828814537
0.002705187768121675
0.0029065676911952387
0.003097226425133215
0.003269195357239685
0.0034141815777233298
0.003524354587647327
0.003593239274357618
0.0036165531726557454
0.0035928058085588077
0.0035235154299129157
0.003412988239838821
0.0032677160336125333
0.003095537576307983
0.0029047459623003924
0.002703303534708379
0.0024982665426049877
0.0023399931999170676
0.0023403912385511205
0.00253683204394628
0.002732327275103863
0.002920710606137078
0.0030948116842179907
0.003246889480869708
0.0033692777957763376
0.003455178815581217
0.0034994802852770235
0.0034994343409571194
0.003455043898543231
0.0033690622303086393
0.0032466058423286093
0.0030944751810930704
0.002920337355762914
0.00273193278284678
0.002536430084048469
0.0023399931999166235
0.0018605098815691612
0.002339993199909962
0.002339993199909962
0.002536430084048913
0.0024982665426094286
0.002536430084048913
0.002731932782847668
0.0027033035347101553
0.0027033035347101553
0.002731932782847668
0.0029203373557642465
0.0029047459623017247
0.0029214090073219623
0.0029047459623017247
0.0029203373557655787
0.003094475181097067
0.0030955375763053183
0.0031327736318291777
0.0031327736318291777
0.0030955375763070947
0.0030944751810939586
0.0032466058423294974
0.0032677160336129774
0.003329167934777999
0.0033500798190253533
0.003329167934778887
0.003267716033615198
0.0032466058423299415
0.0033690622303086393
0.0034129882398392652
0.003501579310009273
0.003547317778757275
0.003547317778757275
0.0035015793100083847
0.0034129882398357125
0.0033690622303086393
0.0034550438985418985
0.003523515429910251
0.0036409740287126624
0.003714608162636246
0.0037397041366320494
0.003714608162636246
0.0036409740287126624
0.0035235154299111393
0.0034550438985414544
0.003499434340960672
0.0035928058085583636
0.0037392608143891337
0.0038424980713611667
0.0038959052447422593
0.0038959052447422593
0.0038424980713611667
0.0037392608143891337
0.003592805808565913
0.0034994343409588957
0.0034994802852783558
0.0036165531726575217
0.0037903027309780235
0.003923080357999265
0.004006500401876778
0.0040349635853540455
0.004006500401877222
0.003923080357997932
0.003790302730976247
0.0036165531726615185
0.0034994802852770235
0.003455178815582105
0.003593239274358062
0.0037907699562627073
0.003951064733616061
0.00406428884333776
0.004122936896975737
0.004122936896974849
0.004064288843338204
0.003951064733616505
0.003790769956262263
0.003593239274358062
0.0034551788155847696
0.0033692777957754494
0.003524354587651768
0.0037406314320307388
0.003924557653925298
0.004065330568932435
0.004153869552314227
0.00418409613181181
0.004153869552314671
0.004065330568931547
0.003924557653925298
0.0037406314320294065
0.0035243545876508797
0.0033692777957754494
0.00324688948086882
0.0034141815777228857
0.0036431595642136827
0.0038453532258961864
0.004009553347992245
0.004125600609144797
0.00418573183452331
0.004185731834522866
0.004125600609144797
0.004009553347992245
0.0038453532258970746
0.003643159564215459
0.00341418157772555
0.0032468894808683757
0.0030948116842228757
0.0032691953572423493
0.003504446722738308
0.003718657459996777
0.0039007640987041015
0.004040106203526683
0.004127728559050414
0.004157639275725877
0.004127728559049526
0.004040106203525795
0.0039007640987041015
0.003718657459996777
0.003504446722738308
0.003269195357240129
0.0030948116842219875
0.002920710606141519
0.003097226425133215
0.0033325574117162304
0.00355231952715096
0.0037460615256019736
0.0039031861584697403
0.0040141201956593875
0.004071565661859289
0.004071565661859289
0.004014120195659832
0.0039031861584701844
0.0037460615256024177
0.003552319527150516
0.0033325574117162304
0.003097226425133215
0.002920710606141963
0.0027323272751056393
0.0029065676911939065
0.003136517320212029
0.0033557653904425777
0.0035548068753512574
0.003723581081021443
0.0038524561416735104
0.003933380399962605
0.003960984319903993
0.003933380399962605
0.0038524561416730663
0.003723581081020999
0.0035548068753512574
0.0033557653904425777
0.0031365173202098084
0.0029065676911939065
0.0027323272751056393
0.002536832043946724
0.0027051877681243397
0.0029253472191217433
0.0031388767134936657
0.0033374067426890086
0.0035117509605457897
0.0036526874030538004
0.003751950430855633
0.003803274619280206
0.003803274619280206
0.003751950430855633
0.0036526874030533563
0.003511750960542237
0.0033374067426885645
0.003138876713495442
0.0029253472191221874
0.0027051877681225633
0.002536832043946724
0.002340391238548012
0.002500153382878789
0.002707296320449082
0.0029110253157789145
0.0031041665310689304
0.003278600853067193
0.0034258520913841295
0.0035378948103033103
0.003608076483832434
0.00363198578571744
0.003608076483832434
0.0035378948103086394
0.003425852091198056
0.0032786008530663047
0.0031041665310684863
0.0029110253157780264
0.002707296320449082
0.002500153382878789
0.002340391238548012
0.001860509881568717
0.0023439138783780677
0.0025426393235052913
0.002740665155159583
0.0029317256509608924
0.0031085073565204624
0.0032630898091108307
0.003387608535816433
0.003475075121110116
0.00352022525011364
0.00352022525011364
0.003475075121110116
0.0033876085358226504
0.0032630898091108307
0.0031085073565249033
0.002931725650964445
0.0027406651551586947
0.0025426393235052913
0.002343913878378956
0.001860509881568717
0.0024928951910228037
0.002697350809513388
0.002697350809513832
0.002898184558299377
0.002914659200474734
0.0028981845583002652
0.0030883561431540585
0.003125165714566336
0.0031251657145650036
0.0030883561431527262
0.003259924821510385
0.0033206632665301328
0.003341328454052217
0.0033206632665288005
0.0032599248215090526
0.0034046240640472902
0.0034921721348215584
0.003537358737762286
0.00353735873776051
0.0034921721348206702
0.0034046240640481784
0.0035146447955547444
0.00363070099185947
0.0037034262362589665
0.003728207246524118
0.003703426236266516
0.003630700991858582
0.003514644795556965
0.003583525057874848
0.003728207246290971
0.003830141316486735
0.0038828571279965196
0.0038828571280009605
0.003830141316482738
0.0037282072462883065
0.0035835250578788447
0.0036069849082736027
0.0037786034891165166
0.003909668560846402
0.003991975876590725
0.004020052949584407
0.003991975876589837
0.0039096685608432935
0.0037786034891151843
0.0036069849082718264
0.0035835250578766242
0.0037786034891156284
0.003936788823898141
0.004048459421208683
0.004106282330858413
0.0041062823308566365
0.004048459421211348
0.0039367888238968085
0.003778603489118293
0.003583525057874404
0.0035146447955543003
0.003728207246296744
0.003909668560843738
0.0040484594212100156
0.004135709945332522
0.00416548931303895
0.004135709945334298
0.004048459421206463
0.0039096685608432935
0.0037282072462883065
0.003514644795558741
0.003404624064045514
0.003630700991857694
0.003830141316486735
0.003991975876588505
0.004106282330857081
0.00416548931303673
0.00416548931303895
0.004106282330860633
0.003991975876590725
0.003830141316483626
0.0036307009918616906
0.003404624064045514
0.003259924821509941
0.0034921721348206702
0.0037034262362638515
0.003882857127997852
0.0040200529495852955
0.004106282330855304
0.0041357099453303015
0.004106282330857969
0.004020052949589292
0.003882857127993855
0.0037034262362651837
0.0034921721348171175
0.0032599248215094967
0.0030883561431545026
0.0033206632665279123
0.003537358737756069
0.003728207246520121
0.003882857127997408
0.003991975876590281
0.004048459421206907
0.004048459421213568
0.003991975876588949
0.003882857127997852
0.0037282072465214533
0.0035373587377636184
0.0033206632665288005
0.0030883561431478412
0.002898184558298489
0.0031251657145650036
0.003341328454057102
0.0035373587377582894
0.0037034262362629633
0.003830141316482294
0.003909668560836632
0.003936788823899917
0.003909668560844182
0.0038301413164787412
0.003703426236266072
0.003537358737760954
0.0033413284540508847
0.0031251657145658918
0.0028981845582980448
0.002697350809514276
0.0029146592004711813
0.003125165714567224
0.003320663266527024
0.0034921721348211143
0.0036307009918616906
0.0037282072462887506
0.0037786034891174047
0.0037786034891160725
0.003728207246290527
0.0036307009918599142
0.003492172134819782
0.003320663266526136
0.0031251657145650036
0.0029146592004734018
0.0026973508095120557
0.0024928951910210273
0.002697350809508503
0.0028981845583011534
0.003088356143155835
0.0032599248215121612
0.0034046240640481784
0.0035146447955565208
0.003583525057874404
0.0036069849082718264
0.0035835250578735156
0.0035146447955565208
0.003404624064050399
0.003259924821510829
0.003088356143157611
0.0028981845583007093
0.0026973508095147203
0.00249289519102458
0.002339993199914403
0.0025364300840506893
0.0027319327828485562
0.0029203373557633583
0.0030944751810935145
0.003246605842327721
0.0033690622303095275
0.0034550438985427867
0.0034994343409620043
0.0034994802852765794
0.003455178815581661
0.0033692777957772257
0.0032468894808679316
0.003094811684223764
0.002920710606137522
0.002732327275103863
0.002536832043946724
0.002340391238547568
0.0018605098815696053
0.002339993199909962
0.002339993199909962
0.002536430084048913
0.0024982665426094286
0.002536430084048913
0.002731932782847668
0.0027033035347101553
0.0027033035347101553
0.002731932782847668
0.0029203373557642465
0.0029047459623017247
0.0029214090073219623
0.0029047459623017247
0.0029203373557655787
0.003094475181097067
0.0030955375763053183
0.0031327736318291777
0.0031327736318291777
0.0030955375763070947
0.0030944751810939586
0.0032466058423294974
0.0032677160336129774
0.003329167934777999
0.0033500798190253533
0.003329167934778887
0.003267716033615198
0.0032466058423299415
0.0033690622303086393
0.0034129882398392652
0.003501579310009273
0.003547317778757275
0.003547317778757275
0.0035015793100083847
0.0034129882398357125
0.0033690622303086393
0.0034550438985418985
0.003523515429910251
0.0036409740287126624
0.003714608162636246
0.0037397041366320494
0.003714608162636246
0.0036409740287126624
0.0035235154299111393
0.0034550438985414544
0.003499434340960672
0.0035928058085583636
0.0037392608143891337
0.0038424980713611667
0.0038959052447422593
0.0038959052447422593
0.0038424980713611667
0.0037392608143891337
0.003592805808565913
0.0034994343409588957
0.0034994802852779117
0.0036165531726575217
0.0037903027309780235
0.003923080357999265
0.004006500401876778
0.0040349635853540455
0.004006500401877222
0.003923080357997932
0.003790302730976247
0.0036165531726615185
0.0034994802852774676
0.0034551788155847696
0.003593239274358062
0.0037907699562627073
0.003951064733616061
0.00406428884333776
0.004122936896975737
0.004122936896974849
0.004064288843338204
0.003951064733616505
0.003790769956262263
0.003593239274358062
0.003455178815582105
0.0033692777957754494
0.003524354587651768
0.0037406314320307388
0.003924557653925298
0.004065330568932435
0.004153869552314227
0.00418409613181181
0.004153869552314671
0.004065330568931547
0.003924557653925298
0.0037406314320294065
0.0035243545876508797
0.0033692777957754494
0.0032468894808679316
0.0034141815777228857
0.0036431595642136827
0.0038453532258961864
0.004009553347992245
0.004125600609144797
0.00418573183452331
0.004185731834522866
0.004125600609144797
0.004009553347992245
0.0038453532258970746
0.003643159564215459
0.00341418157772555
0.003246889480869264
0.0030948116842228757
0.0032691953572423493
0.003504446722738308
0.003718657459996777
0.0039007640987041015
0.004040106203526683
0.004127728559050414
0.004157639275725877
0.004127728559049526
0.004040106203525795
0.0039007640987041015
0.003718657459996777
0.003504446722738308
0.003269195357240129
0.0030948116842219875
0.002920710606141963
0.003097226425133215
0.0033325574117162304
0.00355231952715096
0.0037460615256019736
0.0039031861584697403
0.0040141201956593875
0.004071565661859289
0.004071565661859289
0.004014120195659832
0.0039031861584701844
0.0037460615256024177
0.003552319527150516
0.0033325574117162304
0.003097226425133215
0.002920710606141519
0.0027323272751056393
0.0029065676911939065
0.003136517320212029
0.0033557653904425777
0.0035548068753512574
0.003723581081021443
0.0038524561416735104
0.003933380399962605
0.003960984319903993
0.003933380399962605
0.0038524561416730663
0.003723581081020999
0.0035548068753512574
0.0033557653904425777
0.0031365173202098084
0.0029065676911939065
0.0027323272751056393
0.002536832043946724
0.0027051877681243397
0.0029253472191217433
0.0031388767134936657
0.0033374067426890086
0.0035117509605457897
0.0036526874030538004
0.003751950430855633
0.003803274619280206
0.003803274619280206
0.003751950430855633
0.0036526874030533563
0.003511750960542237
0.0033374067426885645
0.003138876713495442
0.0029253472191221874
0.0027051877681225633
0.002536832043946724
0.002340391238548012
0.002500153382878789
0.002707296320449082
0.0029110253157789145
0.0031041665310689304
0.003278600853067193
0.0034258520913841295
0.0035378948103033103
0.003608076483832434
0.00363198578571744
0.003608076483832434
0.0035378948103086394
0.003425852091198056
0.0032786008530663047
0.0031041665310684863
0.0029110253157780264
0.002707296320449082
0.002500153382878789
0.002340391238548012
0.0023403912385520087
0.002536832043946724
0.0024928951910232477
0.002732327275102975
0.002697350809512944
0.002697350809512944
0.002920710606137966
0.002898184558298933
0.002914659200475178
0.002898184558298933
0.0030948116842179907
0.0030883561431531703
0.0031251657145650036
0.003125165714566336
0.0030883561431531703
0.003246889480869708
0.003259924821511273
0.0033206632665301328
0.003341328454051773
0.0033206632665288005
0.003259924821505944
0.0033692777957758935
0.0034046240640495107
0.0034921721348211143
0.0035373587377596216
0.0035373587377627302
0.003492172134820226
0.003404624064046846
0.003455178815581661
0.0035146447955560767
0.0036307009918599142
0.0037034262362678483
0.003728207246524118
0.003703426236261631
0.00363070099185947
0.0035146447955547444
0.0034994802852761353
0.0035835250578730715
0.0037282072462878624
0.003830141316483626
0.0038828571280014046
0.0038828571279965196
0.003830141316486735
0.003728207246291415
0.0035835250578784006
0.0034994343409584516
0.0036069849082722705
0.0037786034891165166
0.003909668560841961
0.003991975876589837
0.004020052949584407
0.003991975876589837
0.003909668560846402
0.0037786034891160725
0.003606984908270938
0.003455043898545007
0.0035835250578770683
0.003778603489119625
0.003936788823898141
0.00404845942121046
0.004106282330858857
0.004106282330855304
0.0040484594212100156
0.003936788823898141
0.0037786034891165166
0.003583525057874848
0.0033690622303095275
0.003514644795557853
0.003728207246291415
0.003909668560844626
0.004048459421211348
0.0041357099453303015
0.00416548931303895
0.004135709945334742
0.0040484594212100156
0.003909668560843738
0.0037282072462963
0.0035146447955543003
0.003246605842328165
0.0034046240640481784
0.003630700991863467
0.0038301413164858467
0.003991975876590725
0.004106282330860189
0.004165489313038506
0.004165489313037174
0.004106282330855748
0.003991975876588505
0.003830141316486735
0.003630700991857694
0.003404624064045958
0.0030944751810930704
0.003259924821509941
0.0034921721348215584
0.0037034262362638515
0.003882857127994299
0.004020052949583963
0.004106282330856192
0.0041357099453303015
0.004106282330855304
0.004020052949584407
0.00388285712799874
0.0037034262362642956
0.0034921721348255552
0.003259924821509941
0.002920337355762914
0.0030883561431487294
0.0033206632665301328
0.0035373587377645066
0.003728207246519233
0.003882857127997852
0.0039919758765911695
0.004048459421213568
0.004048459421206907
0.003991975876590281
0.003882857127997408
0.003728207246520121
0.0035373587377542925
0.0033206632665283564
0.003088356143157611
0.002731932782846336
0.0028981845582980448
0.0031251657145658918
0.0033413284540499966
0.00353735873776051
0.003703426236266072
0.0038301413164787412
0.003909668560844182
0.003936788823899917
0.003909668560836632
0.0038301413164814058
0.0037034262362629633
0.0035373587377582894
0.003341328454056658
0.0031251657145645595
0.002898184558298489
0.002536430084049801
0.0026973508095120557
0.0029146592004734018
0.0031251657145650036
0.0033206632665248037
0.0034921721348206702
0.00363070099185947
0.003728207246290527
0.0037786034891160725
0.0037786034891174047
0.0037282072462878624
0.003630700991859026
0.0034921721348211143
0.00332066326652658
0.003125165714567224
0.0029146592004716254
0.002697350809514276
0.0023399931999170676
0.00249289519102458
0.0026973508095151644
0.0028981845583002652
0.003088356143157167
0.0032599248215090526
0.0034046240640477343
0.003514644795557409
0.0035835250578735156
0.0036069849082718264
0.003583525057874404
0.003514644795556965
0.003404624064045514
0.0032599248215130494
0.0030883561431549467
0.0028981845583020416
0.0026973508095102794
0.0024928951910232477
0.0018605098815696053
0.002340391238552897
0.002536832043946724
0.002732327275104751
0.002920710606136634
0.003094811684219323
0.003246889480869264
0.003369277795774117
0.003455178815582105
0.0034994802852788
0.0034994343409588957
0.0034550438985467835
0.0033690622303090834
0.003246605842327721
0.0030944751810930704
0.0029203373557633583
0.0027319327828458917
0.0025364300840506893
0.002339993199914403
0.0023403912385520087
0.0024928951910228037
0.002536832043946724
0.002697350809513388
0.002697350809513832
0.002732327275103419
0.002898184558299377
0.002914659200474734
0.0028981845583002652
0.002920710606137966
0.0030883561431540585
0.003125165714566336
0.0031251657145650036
0.0030883561431527262
0.0030948116842179907
0.003259924821510385
0.0033206632665301328
0.003341328454052217
0.0033206632665288005
0.0032599248215090526
0.003246889480870152
0.0034046240640472902
0.0034921721348215584
0.003537358737762286
0.00353735873776051
0.0034921721348206702
0.0034046240640481784
0.0033692777957763376
0.0035146447955547444
0.00363070099185947
0.0037034262362589665
0.003728207246524118
0.003703426236266516
0.003630700991858582
0.003514644795556965
0.003455178815581217
0.003583525057874848
0.003728207246290971
0.003830141316486735
0.0038828571279965196
0.0038828571280009605
0.003830141316482738
0.0037282072462883065
0.0035835250578788447
0.003499480285275691
0.0036069849082736027
0.0037786034891165166
0.003909668560846402
0.003991975876590725
0.004020052949584407
0.003991975876589837
0.0039096685608432935
0.0037786034891151843
0.0036069849082718264
0.0034994343409580075
0.0035835250578766242
0.0037786034891156284
0.003936788823898141
0.004048459421208683
0.004106282330858413
0.0041062823308566365
0.004048459421211348
0.0039367888238968085
0.003778603489118293
0.003583525057874404
0.0034550438985458953
0.0035146447955543003
0.003728207246296744
0.003909668560843738
0.0040484594212100156
0.004135709945332522
0.00416548931303895
0.004135709945334298
0.004048459421206463
0.0039096685608432935
0.0037282072462883065
0.003514644795558741
0.0033690622303095275
0.003404624064045514
0.003630700991857694
0.003830141316486735
0.003991975876588505
0.004106282330857081
0.00416548931303673
0.00416548931303895
0.004106282330860633
0.003991975876590725
0.003830141316483626
0.0036307009918616906
0.003404624064045514
0.003246605842328165
0.003259924821509941
0.0034921721348206702
0.0037034262362638515
0.003882857127997852
0.0040200529495852955
0.004106282330855304
0.0041357099453303015
0.004106282330857969
0.004020052949589292
0.003882857127993855
0.0037034262362651837
0.0034921721348171175
0.0032599248215094967
0.0030944751810930704
0.0030883561431545026
0.0033206632665279123
0.003537358737756069
0.003728207246520121
0.003882857127997408
0.003991975876590281
0.004048459421206907
0.004048459421213568
0.003991975876588949
0.003882857127997852
0.0037282072465214533
0.0035373587377636184
0.0033206632665288005
0.0030883561431478412
0.002920337355762914
0.002898184558298489
0.0031251657145650036
0.003341328454057102
0.0035373587377582894
0.0037034262362629633
0.003830141316482294
0.003909668560836632
0.003936788823899917
0.003909668560844182
0.0038301413164787412
0.003703426236266072
0.003537358737760954
0.0033413284540508847
0.0031251657145658918
0.0028981845582980448
0.002731932782846336
0.002697350809514276
0.0029146592004711813
0.003125165714567224
0.003320663266527024
0.0034921721348211143
0.0036307009918616906
0.0037282072462887506
0.0037786034891174047
0.0037786034891160725
0.003728207246290527
0.0036307009918599142
0.003492172134819782
0.003320663266526136
0.0031251657145650036
0.0029146592004734018
0.0026973508095120557
0.002536430084049801
0.0024928951910210273
0.002697350809508503
0.0028981845583011534
0.003088356143155835
0.0032599248215121612
0.0034046240640481784
0.0035146447955565208
0.003583525057874404
0.0036069849082718264
0.0035835250578735156
0.0035146447955565208
0.003404624064050399
0.003259924821510829
0.003088356143157611
0.0028981845583007093
0.0026973508095147203
0.00249289519102458
0.0023399931999170676
0.002339993199914403
0.0025364300840506893
0.0027319327828485562
0.0029203373557633583
0.0030944751810935145
0.003246605842327721
0.0033690622303095275
0.0034550438985427867
0.0034994343409620043
0.0034994802852765794
0.003455178815581661
0.0033692777957772257
0.0032468894808679316
0.003094811684223764
0.002920710606137522
0.002732327275103863
0.002536832043946724
0.002340391238547568
0.001860509881568717
0.0023439138783780677
0.0025426393235052913
0.0025001533828792333
0.0027406651551613592
0.0027072963204477496
0.002705187768121675
0.002931725650958228
0.00291102531577625
0.0029253472191186347
0.002906567691195683
0.0031085073565204624
0.003104166531067154
0.0031388767134981066
0.003136517320212917
0.0030972264251349912
0.0032630898091108307
0.0032786008530694133
0.0033374067426876763
0.0033557653904408014
0.003332557411718007
0.0032691953572392407
0.003387608535815545
0.003425852091382353
0.0035117509605409047
0.0035548068753521456
0.0035523195271536245
0.003504446722738752
0.0034141815777219975
0.0034750751211118924
0.0035378948103033103
0.0036526874030542444
0.003723581081020999
0.003746061525604638
0.003718657459992336
0.003643159564215015
0.003524354587647771
0.00352022525011364
0.0036080764838382073
0.003751950430851636
0.003852456141676619
0.0039031861584697403
0.0039007640987032133
0.0038453532258966305
0.003740631432031183
0.003593239274358506
0.00352022525011364
0.0036319857857165516
0.0038032746192793176
0.003933380399959052
0.004014120195662052
0.00404010620369144
0.004009553347986916
0.003924557653926186
0.003790769956260931
0.0036165531726557454
0.003475075121110116
0.0036080764838386514
0.0038032746192788736
0.003960984319904437
0.004071565661854848
0.004127728559050414
0.0041256006091461295
0.004065330568931991
0.003951064733611176
0.0037903027309775794
0.003592805808560584
0.003387608535825315
0.0035378948103037544
0.0037519504308538565
0.003933380399961273
0.004071565661860177
0.0041576392757214364
0.004185731834523754
0.004153869552317335
0.004064288843335984
0.003923080357994824
0.003739260814391354
0.003523515429909363
0.00326308980910639
0.0034258520913832413
0.0036526874030542444
0.003852456141671734
0.004014120195657167
0.004127728559050414
0.0041857318345224215
0.004184096131811366
0.004122936896974405
0.004006500401880775
0.003842498071358502
0.0036409740287126624
0.003412988239837045
0.003108507356523127
0.003278600853068969
0.0035117509605484543
0.003723581081020999
0.003903186158467964
0.004040106203525351
0.0041256006091461295
0.004153869552317779
0.004122936896973073
0.0040349635853491606
0.003895905244741815
0.0037146081626393546
0.003501579310003944
0.003267716033611201
0.002931725650958228
0.00310416653106671
0.0033374067426894527
0.0035548068753517015
0.0037460615256059704
0.0039007640987036574
0.0040095533479891365
0.004065330568930214
0.004064288843336428
0.0040065004018794426
0.0038959052447391507
0.0037397041366338257
0.003547317778755499
0.0033291679347762226
0.003095537576303986
0.0027406651551613592
0.0029110253157735855
0.003138876713494998
0.0033557653904408014
0.0035523195271487396
0.003718657459996333
0.0038453532258952983
0.003924557653929295
0.003951064733611176
0.003923080358001041
0.003842498071357614
0.003714608162631361
0.003547317778760384
0.00335007981902935
0.003132773631826069
0.0029047459622999483
0.002542639323503515
0.0027072963204486378
0.0029253472191217433
0.003136517320212917
0.003332557411718007
0.0035044467227391962
0.003643159564214571
0.003740631432032071
0.0037907699562595987
0.0037903027309798
0.003739260814391354
0.003640974028710886
0.0035015793100074966
0.0033291679347762226
0.003132773631830066
0.0029214090073184096
0.002703303534708379
0.002343913878378956
0.0025001533828814537
0.002705187768121675
0.0029065676911952387
0.003097226425133215
0.003269195357239685
0.0034141815777233298
0.003524354587647327
0.003593239274357618
0.0036165531726557454
0.0035928058085588077
0.0035235154299129157
0.003412988239838821
0.0032677160336125333
0.003095537576307983
0.0029047459623003924
0.002703303534708379
0.0024982665426049877
0.0018605098815696053
0.0023403912385511205
0.00253683204394628
0.002732327275103863
0.002920710606137078
0.0030948116842179907
0.003246889480869708
0.0033692777957763376
0.003455178815581217
0.0034994802852770235
0.0034994343409571194
0.003455043898543231
0.0033690622303086393
0.0032466058423286093
0.0030944751810930704
0.002920337355762914
0.00273193278284678
0.002536430084048469
0.0023399931999166235
0.0025001533828792333
0.0027072963204477496
0.002705187768121675
0.00291102531577625
0.0029253472191186347
0.002906567691195683
0.003104166531067154
0.0031388767134981066
0.003136517320212917
0.0030972264251349912
0.0032786008530694133
0.0033374067426876763
0.0033557653904408014
0.003332557411718007
0.0032691953572392407
0.003425852091382353
0.0035117509605409047
0.0035548068753521456
0.0035523195271536245
0.003504446722738752
0.0034141815777219975
0.0035378948103033103
0.0036526874030542444
0.003723581081020999
0.003746061525604638
0.003718657459992336
0.003643159564215015
0.003524354587647771
0.0036080764838382073
0.003751950430851636
0.003852456141676619
0.0039031861584697403
0.0039007640987032133
0.0038453532258966305
0.003740631432031183
0.003593239274358506
0.0036319857857165516
0.0038032746192793176
0.003933380399959052
0.004014120195662052
0.00404010620369144
0.004009553347986916
0.003924557653926186
0.003790769956260931
0.0036165531726557454
0.0036080764838386514
0.0038032746192788736
0.003960984319904437
0.004071565661854848
0.004127728559050414
0.0041256006091461295
0.004065330568931991
0.003951064733611176
0.0037903027309775794
0.003592805808560584
0.0035378948103037544
0.0037519504308538565
0.003933380399961273
0.004071565661860177
0.0041576392757214364
0.004185731834523754
0.004153869552317335
0.004064288843335984
0.003923080357994824
0.003739260814391354
0.003523515429909363
0.0034258520913832413
0.0036526874030542444
0.003852456141671734
0.004014120195657167
0.004127728559050414
0.0041857318345224215
0.004184096131811366
0.004122936896974405
0.004006500401880775
0.003842498071358502
0.0036409740287126624
0.003412988239837045
0.003278600853068969
0.0035117509605484543
0.003723581081020999
0.003903186158467964
0.004040106203525351
0.0041256006091461295
0.004153869552317779
0.004122936896973073
0.0040349635853491606
0.003895905244741815
0.0037146081626393546
0.003501579310003944
0.003267716033611201
0.00310416653106671
0.0033374067426894527
0.0035548068753517015
0.0037460615256059704
0.0039007640987036574
0.0040095533479891365
0.004065330568930214
0.004064288843336428
0.0040065004018794426
0.0038959052447391507
0.0037397041366338257
0.003547317778755499
0.0033291679347762226
0.003095537576303986
0.0029110253157735855
0.003138876713494998
0.0033557653904408014
0.0035523195271487396
0.003718657459996333
0.0038453532258952983
0.003924557653929295
0.003951064733611176
0.003923080358001041
0.003842498071357614
0.003714608162631361
0.003547317778760384
0.00335007981902935
0.003132773631826069
0.0029047459622999483
0.0027072963204486378
0.0029253472191217433
0.003136517320212917
0.003332557411718007
0.0035044467227391962
0.003643159564214571
0.003740631432032071
0.0037907699562595987
0.0037903027309798
0.003739260814391354
0.003640974028710886
0.0035015793100074966
0.0033291679347762226
0.003132773631830066
0.0029214090073184096
0.002703303534708379
0.0025001533828814537
0.002705187768121675
0.0029065676911952387
0.003097226425133215
0.003269195357239685
0.0034141815777233298
0.003524354587647327
0.003593239274357618
0.0036165531726557454
0.0035928058085588077
0.0035235154299129157
0.003412988239838821
0.0032677160336125333
0.003095537576307983
0.0029047459623003924
0.002703303534708379
0.0024982665426049877
0.0023403912385511205
0.00253683204394628
0.002732327275103863
0.002920710606137078
0.0030948116842179907
0.003246889480869708
0.0033692777957763376
0.003455178815581217
0.0034994802852770235
0.0034994343409571194
0.003455043898543231
0.0033690622303086393
0.0032466058423286093
0.0030944751810930704
0.002920337355762914
0.00273193278284678
0.002536430084048469
0.0023399931999166235
0.002340391238552897
0.002343913878378512
0.002536832043946724
0.0025001533828805655
0.0025426393235052913
0.002732327275102975
0.002705187768121231
0.0027072963204481937
0.002740665155159583
0.002920710606137522
0.0029065676911947946
0.002925347219120411
0.00291102531577625
0.0029317256509608924
0.003094811684220211
0.0030972264251354353
0.0031365173202155816
0.003138876713491001
0.0031041665310698185
0.0031085073565200183
0.00324688948086882
0.0032691953572392407
0.0033325574119094092
0.0033557653904412454
0.0033374067426827914
0.0032786008530658606
0.0032630898091108307
0.0033692777957758935
0.003414181577724662
0.0035044467227391962
0.003552319527344139
0.003554806875350369
0.003511750960542237
0.003425852091196724
0.003387608535815989
0.003455178815582549
0.0035243545876495475
0.0036431595642132386
0.0037186574599932243
0.0037460615256028618
0.003723581081016558
0.0036526874030542444
0.0035378948103086394
0.003475075121110116
0.0034994802852770235
0.003593239274353177
0.0037406314320298506
0.0038453532258970746
0.0039007640987049896
0.0039031861584710725
0.003852456141672178
0.0037519504308503038
0.003608076483836875
0.00352022525011364
0.0034994343409580075
0.0036165531726561895
0.0037907699562578223
0.003924557653924854
0.004009553347989581
0.0040401062036923285
0.004014120195661608
0.003933380399962605
0.003803274619280206
0.00363198578571744
0.00352022525011364
0.003455043898544563
0.0035928058085583636
0.0037903027309784676
0.003951064733613396
0.004065330568932435
0.004125600609143909
0.004127728559048194
0.004071565661859733
0.003960984319904881
0.003803274619277097
0.003608076483836875
0.003475075121110116
0.0033690622303086393
0.00352351542991558
0.0037392608143873574
0.003923080358000153
0.004064288843336428
0.004153869552316003
0.0041857318345224215
0.004157639275722325
0.004071565661859733
0.0039333803999603845
0.0037519504308538565
0.0035378948103086394
0.0033876085358222063
0.003246605842326833
0.003412988239838377
0.003640974028714883
0.0038424980713607226
0.004006500401876778
0.004122936896977514
0.00418409613181181
0.004185731834523754
0.004127728559049082
0.004014120195658943
0.003852456141675731
0.0036526874030542444
0.003425852091197168
0.0032630898091094984
0.0030944751810944027
0.0032677160336134214
0.0035015793100114934
0.0037146081626349137
0.0038959052447471443
0.0040349635853536014
0.004122936896975737
0.004153869552313338
0.004125600609144797
0.00404010620369144
0.0039031861584701844
0.003723581081020555
0.0035117509605404607
0.0032786008530667488
0.0031085073565257915
0.002920337355762914
0.003095537576302654
0.0033291679347753345
0.0035473177787599397
0.003739704136635602
0.0038959052447431475
0.004006500401879887
0.004064288843334207
0.0040653305689306585
0.004009553347994466
0.003900764098705878
0.0037460615256019736
0.0035548068753512574
0.0033374067426823473
0.003104166531071151
0.0029317256509648892
0.0027319327828454476
0.002904745962298616
0.0031327736318282895
0.0033500798190297942
0.0035473177787586074
0.003714608162627364
0.003842498071358058
0.0039230803579988205
0.003951064733612064
0.0039245576539226334
0.003845353225894854
0.0037186574599941125
0.003552319527151848
0.0033557653904412454
0.00313887671349411
0.002911025315776694
0.0027406651551586947
0.0025364300840506893
0.002703303534709267
0.0029214090073184096
0.0031327736318278454
0.0033291679347762226
0.003501579310010605
0.003640974028714883
0.003739260814389578
0.0037903027309775794
0.0037907699562578223
0.0037406314320280742
0.0036431595642136827
0.0035044467227391962
0.0033325574117166745
0.00313651732021647
0.002925347219119079
0.002707296320449082
0.0025426393235048472
0.002339993199914403
0.002498266542605876
0.002703303534707935
0.002904745962297728
0.0030955375763057624
0.0032677160336134214
0.0034129882398392652
0.0035235154299133598
0.003592805808559696
0.003616553172654413
0.003593239274357618
0.00352435458764333
0.003414181577719777
0.003269195357240129
0.0030972264251314385
0.0029065676911939065
0.002705187768120787
0.0025001533828801215
0.002343913878378512
0.001860509881568717
0.002339993199913959
0.002536430084049357
0.002731932782848112
0.002920337355762914
0.0030944751810935145
0.003246605842327277
0.0033690622303095275
0.003455043898544119
0.0034994343409633366
0.0034994802852765794
0.003455178815581661
0.0033692777957763376
0.003246889480870152
0.0030948116842228757
0.0029207106061388544
0.002732327275104307
0.002536832043946724
0.002340391238547568
0.002339993199909962
0.002536430084048913
0.0024928951910228037
0.002731932782847668
0.002697350809513388
0.002697350809513832
0.0029203373557642465
0.002898184558299377
0.002914659200474734
0.0028981845583002652
0.003094475181097067
0.0030883561431540585
0.003125165714566336
0.0031251657145650036
0.0030883561431527262
0.0032466058423294974
0.003259924821510385
0.0033206632665301328
0.003341328454052217
0.0033206632665288005
0.0032599248215090526
0.0033690622303086393
0.0034046240640472902
0.0034921721348215584
0.003537358737762286
0.00353735873776051
0.0034921721348206702
0.0034046240640481784
0.0034550438985418985
0.0035146447955547444
0.00363070099185947
0.0037034262362589665
0.003728207246524118
0.003703426236266516
0.003630700991858582
0.003514644795556965
0.003499434340960672
0.003583525057874848
0.003728207246290971
0.003830141316486735
0.0038828571279965196
0.0038828571280009605
0.003830141316482738
0.0037282072462883065
0.0035835250578788447
0.0034994802852779117
0.0036069849082736027
0.0037786034891165166
0.003909668560846402
0.003991975876590725
0.004020052949584407
0.003991975876589837
0.0039096685608432935
0.0037786034891151843
0.0036069849082718264
0.0034551788155847696
0.0035835250578766242
0.0037786034891156284
0.003936788823898141
0.004048459421208683
0.004106282330858413
0.0041062823308566365
0.004048459421211348
0.0039367888238968085
0.003778603489118293
0.003583525057874404
0.0033692777957754494
0.0035146447955543003
0.003728207246296744
0.003909668560843738
0.0040484594212100156
0.004135709945332522
0.00416548931303895
0.004135709945334298
0.004048459421206463
0.0039096685608432935
0.0037282072462883065
0.003514644795558741
0.0032468894808679316
0.003404624064045514
0.003630700991857694
0.003830141316486735
0.003991975876588505
0.004106282330857081
0.00416548931303673
0.00416548931303895
0.004106282330860633
0.003991975876590725
0.003830141316483626
0.0036307009918616906
0.003404624064045514
0.0030948116842228757
0.003259924821509941
0.0034921721348206702
0.0037034262362638515
0.003882857127997852
0.0040200529495852955
0.004106282330855304
0.0041357099453303015
0.004106282330857969
0.004020052949589292
0.003882857127993855
0.0037034262362651837
0.0034921721348171175
0.0032599248215094967
0.002920710606141963
0.0030883561431545026
0.0033206632665279123
0.003537358737756069
0.003728207246520121
0.003882857127997408
0.003991975876590281
0.004048459421206907
0.004048459421213568
0.003991975876588949
0.003882857127997852
0.0037282072465214533
0.0035373587377636184
0.0033206632665288005
0.0030883561431478412
0.0027323272751056393
0.002898184558298489
0.0031251657145650036
0.003341328454057102
0.0035373587377582894
0.0037034262362629633
0.003830141316482294
0.003909668560836632
0.003936788823899917
0.003909668560844182
0.0038301413164787412
0.003703426236266072
0.003537358737760954
0.0033413284540508847
0.0031251657145658918
0.0028981845582980448
0.002536832043946724
0.002697350809514276
0.0029146592004711813
0.003125165714567224
0.003320663266527024
0.0034921721348211143
0.0036307009918616906
0.0037282072462887506
0.0037786034891174047
0.0037786034891160725
0.003728207246290527
0.0036307009918599142
0.003492172134819782
0.003320663266526136
0.0031251657145650036
0.0029146592004734018
0.0026973508095120557
0.002340391238548012
0.0024928951910210273
0.002697350809508503
0.0028981845583011534
0.003088356143155835
0.0032599248215121612
0.0034046240640481784
0.0035146447955565208
0.003583525057874404
0.0036069849082718264
0.0035835250578735156
0.0035146447955565208
0.003404624064050399
0.003259924821510829
0.003088356143157611
0.0028981845583007093
0.0026973508095147203
0.00249289519102458
0.002339993199909962
0.0024982665426094286
0.002536430084048913
0.0027033035347101553
0.0027033035347101553
0.002731932782847668
0.0029047459623017247
0.0029214090073219623
0.0029047459623017247
0.0029203373557655787
0.0030955375763053183
0.0031327736318291777
0.0031327736318291777
0.0030955375763070947
0.0030944751810939586
0.0032677160336129774
0.003329167934777999
0.0033500798190253533
0.003329167934778887
0.003267716033615198
0.0032466058423299415
0.0034129882398392652
0.003501579310009273
0.003547317778757275
0.003547317778757275
0.0035015793100083847
0.0034129882398357125
0.0033690622303086393
0.003523515429910251
0.0036409740287126624
0.003714608162636246
0.0037397041366320494
0.003714608162636246
0.0036409740287126624
0.0035235154299111393
0.0034550438985414544
0.0035928058085583636
0.0037392608143891337
0.0038424980713611667
0.0038959052447422593
0.0038959052447422593
0.0038424980713611667
0.0037392608143891337
0.003592805808565913
0.0034994343409588957
0.0036165531726575217
0.0037903027309780235
0.003923080357999265
0.004006500401876778
0.0040349635853540455
0.004006500401877222
0.003923080357997932
0.003790302730976247
0.0036165531726615185
0.0034994802852770235
0.003593239274358062
0.0037907699562627073
0.003951064733616061
0.00406428884333776
0.004122936896975737
0.004122936896974849
0.004064288843338204
0.003951064733616505
0.003790769956262263
0.003593239274358062
0.0034551788155847696
0.003524354587651768
0.0037406314320307388
0.003924557653925298
0.004065330568932435
0.004153869552314227
0.00418409613181181
0.004153869552314671
0.004065330568931547
0.003924557653925298
0.0037406314320294065
0.0035243545876508797
0.0033692777957754494
0.0034141815777228857
0.0036431595642136827
0.0038453532258961864
0.004009553347992245
0.004125600609144797
0.00418573183452331
0.004185731834522866
0.004125600609144797
0.004009553347992245
0.0038453532258970746
0.003643159564215459
0.00341418157772555
0.0032468894808683757
0.0032691953572423493
0.003504446722738308
0.003718657459996777
0.0039007640987041015
0.004040106203526683
0.004127728559050414
0.004157639275725877
0.004127728559049526
0.004040106203525795
0.0039007640987041015
0.003718657459996777
0.003504446722738308
0.003269195357240129
0.0030948116842219875
0.003097226425133215
0.0033325574117162304
0.00355231952715096
0.0037460615256019736
0.0039031861584697403
0.0040141201956593875
0.004071565661859289
0.004071565661859289
0.004014120195659832
0.0039031861584701844
0.0037460615256024177
0.003552319527150516
0.0033325574117162304
0.003097226425133215
0.002920710606141963
0.0029065676911939065
0.003136517320212029
0.0033557653904425777
0.0035548068753512574
0.003723581081021443
0.0038524561416735104
0.003933380399962605
0.003960984319903993
0.003933380399962605
0.0038524561416730663
0.003723581081020999
0.0035548068753512574
0.0033557653904425777
0.0031365173202098084
0.0029065676911939065
0.0027323272751056393
0.0027051877681243397
0.0029253472191217433
0.0031388767134936657
0.0033374067426890086
0.0035117509605457897
0.0036526874030538004
0.003751950430855633
0.003803274619280206
0.003803274619280206
0.003751950430855633
0.0036526874030533563
0.003511750960542237
0.0033374067426885645
0.003138876713495442
0.0029253472191221874
0.0027051877681225633
0.002536832043946724
0.002500153382878789
0.002707296320449082
0.0029110253157789145
0.0031041665310689304
0.003278600853067193
0.0034258520913841295
0.0035378948103033103
0.003608076483832434
0.00363198578571744
0.003608076483832434
0.0035378948103086394
0.003425852091198056
0.0032786008530663047
0.0031041665310684863
0.0029110253157780264
0.002707296320449082
0.002500153382878789
0.002340391238548012
0.0023439138783780677
0.0025426393235052913
0.002740665155159583
0.0029317256509608924
0.0031085073565204624
0.0032630898091108307
0.003387608535816433
0.003475075121110116
0.00352022525011364
0.00352022525011364
0.003475075121110116
0.0033876085358226504
0.0032630898091108307
0.0031085073565249033
0.002931725650964445
0.0027406651551586947
0.0025426393235052913
0.002343913878378956
0.001860509881568717
0.0024928951910228037
0.002697350809513388
0.002697350809513832
0.002898184558299377
0.002914659200474734
0.0028981845583002652
0.0030883561431540585
0.003125165714566336
0.0031251657145650036
0.0030883561431527262
0.003259924821510385
0.0033206632665301328
0.003341328454052217
0.0033206632665288005
0.0032599248215090526
0.0034046240640472902
0.0034921721348215584
0.003537358737762286
0.00353735873776051
0.0034921721348206702
0.0034046240640481784
0.0035146447955547444
0.00363070099185947
0.0037034262362589665
0.003728207246524118
0.003703426236266516
0.003630700991858582
0.003514644795556965
0.003583525057874848
0.003728207246290971
0.003830141316486735
0.0038828571279965196
0.0038828571280009605
0.003830141316482738
0.0037282072462883065
0.0035835250578788447
0.0036069849082736027
0.0037786034891165166
0.003909668560846402
0.003991975876590725
0.004020052949584407
0.003991975876589837
0.0039096685608432935
0.0037786034891151843
0.0036069849082718264
0.0035835250578766242
0.0037786034891156284
0.003936788823898141
0.004048459421208683
0.004106282330858413
0.0041062823308566365
0.004048459421211348
0.0039367888238968085
0.003778603489118293
0.003583525057874404
0.0035146447955543003
0.003728207246296744
0.003909668560843738
0.0040484594212100156
0.004135709945332522
0.00416548931303895
0.004135709945334298
0.004048459421206463
0.0039096685608432935
0.0037282072462883065
0.003514644795558741
0.003404624064045514
0.003630700991857694
0.003830141316486735
0.003991975876588505
0.004106282330857081
0.00416548931303673
0.00416548931303895
0.004106282330860633
0.003991975876590725
0.003830141316483626
0.0036307009918616906
0.003404624064045514
0.003259924821509941
0.0034921721348206702
0.0037034262362638515
0.003882857127997852
0.0040200529495852955
0.004106282330855304
0.0041357099453303015
0.004106282330857969
0.004020052949589292
0.003882857127993855
0.0037034262362651837
0.0034921721348171175
0.0032599248215094967
0.0030883561431545026
0.0033206632665279123
0.003537358737756069
0.003728207246520121
0.003882857127997408
0.003991975876590281
0.004048459421206907
0.004048459421213568
0.003991975876588949
0.003882857127997852
0.0037282072465214533
0.0035373587377636184
0.0033206632665288005
0.0030883561431478412
0.002898184558298489
0.0031251657145650036
0.003341328454057102
0.0035373587377582894
0.0037034262362629633
0.003830141316482294
0.003909668560836632
0.003936788823899917
0.003909668560844182
0.0038301413164787412
0.003703426236266072
0.003537358737760954
0.0033413284540508847
0.0031251657145658918
0.0028981845582980448
0.002697350809514276
0.0029146592004711813
0.003125165714567224
0.003320663266527024
0.0034921721348211143
0.0036307009918616906
0.0037282072462887506
0.0037786034891174047
0.0037786034891160725
0.003728207246290527
0.0036307009918599142
0.003492172134819782
0.003320663266526136
0.0031251657145650036
0.0029146592004734018
0.0026973508095120557
0.0024928951910210273
0.002697350809508503
0.0028981845583011534
0.003088356143155835
0.0032599248215121612
0.0034046240640481784
0.0035146447955565208
0.003583525057874404
0.0036069849082718264
0.0035835250578735156
0.0035146447955565208
0.003404624064050399
0.003259924821510829
0.003088356143157611
0.0028981845583007093
0.0026973508095147203
0.00249289519102458
0.002339993199914403
0.0025364300840506893
0.0027319327828485562
0.0029203373557633583
0.0030944751810935145
0.003246605842327721
0.0033690622303095275
0.0034550438985427867
0.0034994343409620043
0.0034994802852765794
0.003455178815581661
0.0033692777957772257
0.0032468894808679316
0.003094811684223764
0.002920710606137522
0.002732327275103863
0.002536832043946724
0.002340391238547568
0.002339993199914403
0.002498266542606764
0.0025364300840506893
0.002703303534713264
0.002703303534713264
0.0027319327828485562
0.0029047459623003924
0.002921409007320186
0.0029047459623003924
0.0029203373557633583
0.0030955375763013215
0.0031327736318282895
0.0031327736318282895
0.0030955375763057624
0.0030944751810926263
0.003267716033611645
0.0033291679347762226
0.0033500798190253533
0.0033291679347762226
0.0032677160336143096
0.003246605842327721
0.003412988239837933
0.0035015793100083847
0.0035473177787590515
0.0035473177787590515
0.0035015793100079406
0.003412988239837933
0.0033690622303090834
0.003523515429913804
0.003640974028715327
0.003714608162635802
0.0037397041366320494
0.003714608162635802
0.003640974028714883
0.003523515429914692
0.003455043898543231
0.0035928058085588077
0.0037392608143886896
0.003842498071362943
0.0038959052447431475
0.0038959052447431475
0.003842498071362943
0.0037392608143886896
0.0035928058085663572
0.003499434340960672
0.003616553172659298
0.0037903027309789117
0.0039230803579988205
0.004006500401876334
0.0040349635853540455
0.0040065004018789985
0.003923080357999265
0.0037903027309784676
0.003616553172662851
0.0034994802852761353
0.0035932392743598385
0.003790769956261819
0.003951064733616505
0.004064288843336872
0.0041229368969761815
0.004122936896974849
0.004064288843336872
0.003951064733615617
0.0037907699562627073
0.003593239274358506
0.003455178815581661
0.003524354587651768
0.0037406314320298506
0.003924557653924854
0.0040653305689311026
0.004153869552314227
0.004184096131812698
0.004153869552314227
0.004065330568930214
0.003924557653924854
0.0037406314320298506
0.0035243545876499915
0.0033692777957772257
0.0034141815777233298
0.003643159564214127
0.0038453532258957424
0.004009553347993133
0.004125600609144797
0.00418573183452331
0.004185731834522866
0.004125600609144797
0.004009553347993133
0.0038453532258957424
0.003643159564214571
0.00341418157772555
0.003246889480869264
0.003269195357240573
0.003504446722738752
0.003718657459997221
0.0039007640987045455
0.0040401062035275714
0.004127728559049526
0.004157639275725877
0.004127728559049526
0.004040106203526683
0.0039007640987049896
0.003718657459997665
0.0035044467227391962
0.003269195357240129
0.0030948116842228757
0.0030972264251323267
0.003332557411908965
0.0035523195273423624
0.0037460615256006413
0.0039031861584710725
0.0040141201956593875
0.004071565661859289
0.004071565661859289
0.0040141201956593875
0.0039031861584701844
0.0037460615256006413
0.0035523195273423624
0.003332557411908521
0.0030972264251318826
0.002920710606137522
0.00290656769119213
0.0031365173202106966
0.003355765390443022
0.0035548068753517015
0.003723581081021443
0.0038524561416735104
0.003933380399962161
0.003960984319903993
0.003933380399962161
0.0038524561416730663
0.003723581081020999
0.0035548068753517015
0.003355765390443022
0.0031365173202102525
0.002906567691192574
0.002732327275102975
0.0027051877681238956
0.002925347219120411
0.0031388767134927775
0.0033374067426890086
0.003511750960547566
0.0036526874030542444
0.003751950430855633
0.003803274619280206
0.003803274619280206
0.003751950430855633
0.0036526874030533563
0.003511750960543125
0.0033374067426872323
0.003138876713495442
0.002925347219120411
0.0027051877681234515
0.002536832043946724
0.0025001533828801215
0.0027072963204486378
0.002911025315776694
0.00310416653106671
0.003278600853067193
0.0034258520913845736
0.0035378948103033103
0.003608076483832434
0.00363198578571744
0.003608076483832434
0.0035378948103086394
0.003425852091197168
0.0032786008530663047
0.00310416653106671
0.002911025315775362
0.0027072963204481937
0.002500153382878789
0.002340391238547568
0.0023439138783780677
0.0025426393235052913
0.002740665155159583
0.0029317256509608924
0.0031085073565204624
0.0032630898091108307
0.003387608535816433
0.003475075121110116
0.00352022525011364
0.00352022525011364
0.003475075121110116
0.0033876085358226504
0.0032630898091108307
0.0031085073565249033
0.002931725650964445
0.0027406651551586947
0.0025426393235052913
0.002343913878378956
0.002339993199914403
0.002498266542606764
0.0025364300840506893
0.002703303534713264
0.002703303534713264
0.0027319327828485562
0.0029047459623003924
0.002921409007320186
0.0029047459623003924
0.0029203373557633583
0.0030955375763013215
0.0031327736318282895
0.0031327736318282895
0.0030955375763057624
0.0030944751810926263
0.003267716033611645
0.0033291679347762226
0.0033500798190253533
0.0033291679347762226
0.0032677160336143096
0.003246605842327721
0.003412988239837933
0.0035015793100083847
0.0035473177787590515
0.0035473177787590515
0.0035015793100079406
0.003412988239837933
0.0033690622303090834
0.003523515429913804
0.003640974028715327
0.003714608162635802
0.0037397041366320494
0.003714608162635802
0.003640974028714883
0.003523515429914692
0.003455043898543231
0.0035928058085588077
0.0037392608143886896
0.003842498071362943
0.0038959052447431475
0.0038959052447431475
0.003842498071362943
0.0037392608143886896
0.0035928058085663572
0.003499434340960672
0.003616553172659298
0.0037903027309789117
0.0039230803579988205
0.004006500401876334
0.0040349635853540455
0.0040065004018789985
0.003923080357999265
0.0037903027309784676
0.003616553172662851
0.0034994802852761353
0.0035932392743598385
0.003790769956261819
0.003951064733616505
0.004064288843336872
0.0041229368969761815
0.004122936896974849
0.004064288843336872
0.003951064733615617
0.0037907699562627073
0.003593239274358506
0.003455178815581661
0.003524354587651768
0.0037406314320298506
0.003924557653924854
0.0040653305689311026
0.004153869552314227
0.004184096131812698
0.004153869552314227
0.004065330568930214
0.003924557653924854
0.0037406314320298506
0.0035243545876499915
0.0033692777957772257
0.0034141815777233298
0.003643159564214127
0.0038453532258957424
0.004009553347993133
0.004125600609144797
0.00418573183452331
0.004185731834522866
0.004125600609144797
0.004009553347993133
0.0038453532258957424
0.003643159564214571
0.00341418157772555
0.003246889480869264
0.003269195357240573
0.003504446722738752
0.003718657459997221
0.0039007640987045455
0.0040401062035275714
0.004127728559049526
0.004157639275725877
0.004127728559049526
0.004040106203526683
0.0039007640987049896
0.003718657459997665
0.0035044467227391962
0.003269195357240129
0.0030948116842228757
0.0030972264251323267
0.003332557411908965
0.0035523195273423624
0.0037460615256006413
0.0039031861584710725
0.0040141201956593875
0.004071565661859289
0.004071565661859289
0.0040141201956593875
0.0039031861584701844
0.0037460615256006413
0.0035523195273423624
0.003332557411908521
0.0030972264251318826
0.002920710606137522
0.00290656769119213
0.0031365173202106966
0.003355765390443022
0.0035548068753517015
0.003723581081021443
0.0038524561416735104
0.003933380399962161
0.003960984319903993
0.003933380399962161
0.0038524561416730663
0.003723581081020999
0.0035548068753517015
0.003355765390443022
0.0031365173202102525
0.002906567691192574
0.002732327275102975
0.0027051877681238956
0.002925347219120411
0.0031388767134927775
0.0033374067426890086
0.003511750960547566
0.0036526874030542444
0.003751950430855633
0.003803274619280206
0.003803274619280206
0.003751950430855633
0.0036526874030533563
0.003511750960543125
0.0033374067426872323
0.003138876713495442
0.002925347219120411
0.0027051877681234515
0.002536832043946724
0.0025001533828801215
0.0027072963204486378
0.002911025315776694
0.00310416653106671
0.003278600853067193
0.0034258520913845736
0.0035378948103033103
0.003608076483832434
0.00363198578571744
0.003608076483832434
0.0035378948103086394
0.003425852091197168
0.0032786008530663047
0.00310416653106671
0.002911025315775362
0.0027072963204481937
0.002500153382878789
0.002340391238547568
0.0024928951910232477
0.002697350809512944
0.002697350809512944
0.002898184558298933
0.002914659200475178
0.002898184558298933
0.0030883561431531703
0.0031251657145650036
0.003125165714566336
0.0030883561431531703
0.003259924821511273
0.0033206632665301328
0.003341328454051773
0.0033206632665288005
0.003259924821505944
0.0034046240640495107
0.0034921721348211143
0.0035373587377596216
0.0035373587377627302
0.003492172134820226
0.003404624064046846
0.0035146447955560767
0.0036307009918599142
0.0037034262362678483
0.003728207246524118
0.003703426236261631
0.00363070099185947
0.0035146447955547444
0.0035835250578730715
0.0037282072462878624
0.003830141316483626
0.0038828571280014046
0.0038828571279965196
0.003830141316486735
0.003728207246291415
0.0035835250578784006
0.0036069849082722705
0.0037786034891165166
0.003909668560841961
0.003991975876589837
0.004020052949584407
0.003991975876589837
0.003909668560846402
0.0037786034891160725
0.003606984908270938
0.0035835250578770683
0.003778603489119625
0.003936788823898141
0.00404845942121046
0.004106282330858857
0.004106282330855304
0.0040484594212100156
0.003936788823898141
0.0037786034891165166
0.003583525057874848
0.003514644795557853
0.003728207246291415
0.003909668560844626
0.004048459421211348
0.0041357099453303015
0.00416548931303895
0.004135709945334742
0.0040484594212100156
0.003909668560843738
0.0037282072462963
0.0035146447955543003
0.0034046240640481784
0.003630700991863467
0.0038301413164858467
0.003991975876590725
0.004106282330860189
0.004165489313038506
0.004165489313037174
0.004106282330855748
0.003991975876588505
0.003830141316486735
0.003630700991857694
0.003404624064045958
0.003259924821509941
0.0034921721348215584
0.0037034262362638515
0.003882857127994299
0.004020052949583963
0.004106282330856192
0.0041357099453303015
0.004106282330855304
0.004020052949584407
0.00388285712799874
0.0037034262362642956
0.0034921721348255552
0.003259924821509941
0.0030883561431487294
0.0033206632665301328
0.0035373587377645066
0.003728207246519233
0.003882857127997852
0.0039919758765911695
0.004048459421213568
0.004048459421206907
0.003991975876590281
0.003882857127997408
0.003728207246520121
0.0035373587377542925
0.0033206632665283564
0.003088356143157611
0.0028981845582980448
0.0031251657145658918
0.0033413284540499966
0.00353735873776051
0.003703426236266072
0.0038301413164787412
0.003909668560844182
0.003936788823899917
0.003909668560836632
0.0038301413164814058
0.0037034262362629633
0.0035373587377582894
0.003341328454056658
0.0031251657145645595
0.002898184558298489
0.0026973508095120557
0.0029146592004734018
0.0031251657145650036
0.0033206632665248037
0.0034921721348206702
0.00363070099185947
0.003728207246290527
0.0037786034891160725
0.0037786034891174047
0.0037282072462878624
0.003630700991859026
0.0034921721348211143
0.00332066326652658
0.003125165714567224
0.0029146592004716254
0.002697350809514276
0.00249289519102458
0.0026973508095151644
0.002898184558298933
0.003088356143157167
0.003259924821509941
0.0034046240640486225
0.003514644795557409
0.0035835250578735156
0.0036069849082718264
0.003583525057874404
0.003514644795556965
0.003404624064045958
0.0032599248215130494
0.003088356143155835
0.0028981845583020416
0.0026973508095102794
0.0024928951910232477
0.002498266542606764
0.002703303534713264
0.0027033035347123757
0.0029047459623003924
0.002921409007320186
0.0029047459623008365
0.0030955375763013215
0.0031327736318282895
0.0031327736318282895
0.0030955375763066506
0.003267716033611645
0.0033291679347762226
0.0033500798190253533
0.0033291679347762226
0.0032677160336138655
0.003412988239837933
0.0035015793100083847
0.0035473177787590515
0.0035473177787590515
0.0035015793100079406
0.003412988239837933
0.003523515429913804
0.003640974028715327
0.003714608162635802
0.0037397041366320494
0.003714608162635802
0.003640974028714883
0.003523515429914692
0.0035928058085588077
0.0037392608143886896
0.003842498071362943
0.0038959052447431475
0.0038959052447431475
0.003842498071362943
0.0037392608143886896
0.0035928058085676895
0.003616553172659298
0.0037903027309789117
0.0039230803579988205
0.004006500401876334
0.0040349635853540455
0.0040065004018789985
0.003923080357999265
0.0037903027309784676
0.003616553172663739
0.0035932392743598385
0.003790769956261819
0.003951064733616505
0.004064288843336872
0.0041229368969761815
0.004122936896974849
0.004064288843336872
0.003951064733615617
0.0037907699562627073
0.003593239274358506
0.003524354587651768
0.0037406314320298506
0.003924557653924854
0.0040653305689311026
0.004153869552314227
0.004184096131812698
0.004153869552314227
0.004065330568930214
0.003924557653924854
0.0037406314320298506
0.0035243545876499915
0.0034141815777233298
0.003643159564214127
0.0038453532258957424
0.004009553347993133
0.004125600609144797
0.00418573183452331
0.004185731834522866
0.004125600609144797
0.004009553347993133
0.0038453532258957424
0.003643159564214571
0.00341418157772555
0.003269195357240573
0.003504446722738752
0.003718657459997221
0.0039007640987045455
0.0040401062035275714
0.004127728559049526
0.004157639275725877
0.004127728559049526
0.004040106203526683
0.0039007640987049896
0.003718657459997665
0.0035044467227391962
0.003269195357240129
0.0030972264251323267
0.003332557411908965
0.0035523195273423624
0.0037460615256006413
0.0039031861584710725
0.0040141201956593875
0.004071565661859289
0.004071565661859289
0.0040141201956593875
0.0039031861584701844
0.0037460615256006413
0.0035523195273423624
0.003332557411908521
0.0030972264251318826
0.00290656769119213
0.0031365173202106966
0.003355765390443022
0.0035548068753517015
0.003723581081021443
0.0038524561416735104
0.003933380399962161
0.003960984319903993
0.003933380399962161
0.0038524561416730663
0.003723581081020999
0.0035548068753517015
0.003355765390443022
0.0031365173202102525
0.0029065676911930183
0.0027051877681238956
0.002925347219120411
0.0031388767134927775
0.0033374067426890086
0.003511750960547566
0.0036526874030542444
0.003751950430855633
0.003803274619280206
0.003803274619280206
0.003751950430855633
0.0036526874030533563
0.003511750960543125
0.0033374067426872323
0.003138876713495442
0.002925347219120411
0.0027051877681234515
0.0025001533828801215
0.0027072963204486378
0.002911025315776694
0.00310416653106671
0.003278600853067193
0.0034258520913845736
0.0035378948103033103
0.003608076483832434
0.00363198578571744
0.003608076483832434
0.0035378948103086394
0.003425852091197168
0.0032786008530663047
0.00310416653106671
0.002911025315775362
0.0027072963204481937
0.002500153382878789
0.002339993199909962
0.0024928951910232477
0.002536430084048913
0.002697350809512944
0.002697350809512944
0.002731932782847668
0.002898184558298933
0.002914659200475178
0.002898184558298933
0.0029203373557655787
0.0030883561431531703
0.0031251657145650036
0.003125165714566336
0.0030883561431531703
0.0030944751810939586
0.003259924821511273
0.0033206632665301328
0.003341328454051773
0.0033206632665288005
0.003259924821505944
0.0032466058423299415
0.0034046240640495107
0.0034921721348211143
0.0035373587377596216
0.0035373587377627302
0.003492172134820226
0.003404624064046846
0.0033690622303086393
0.0035146447955560767
0.0036307009918599142
0.0037034262362678483
0.003728207246524118
0.003703426236261631
0.00363070099185947
0.0035146447955547444
0.0034550438985414544
0.0035835250578730715
0.0037282072462878624
0.003830141316483626
0.0038828571280014046
0.0038828571279965196
0.003830141316486735
0.003728207246291415
0.0035835250578784006
0.0034994343409588957
0.0036069849082722705
0.0037786034891165166
0.003909668560841961
0.003991975876589837
0.004020052949584407
0.003991975876589837
0.003909668560846402
0.0037786034891160725
0.003606984908270938
0.0034994802852774676
0.0035835250578770683
0.003778603489119625
0.003936788823898141
0.00404845942121046
0.004106282330858857
0.004106282330855304
0.0040484594212100156
0.003936788823898141
0.0037786034891165166
0.003583525057874848
0.003455178815582105
0.003514644795557853
0.003728207246291415
0.003909668560844626
0.004048459421211348
0.0041357099453303015
0.00416548931303895
0.004135709945334742
0.0040484594212100156
0.003909668560843738
0.0037282072462963
0.0035146447955543003
0.0033692777957754494
0.0034046240640481784
0.003630700991863467
0.0038301413164858467
0.003991975876590725
0.004106282330860189
0.004165489313038506
0.004165489313037174
0.004106282330855748
0.003991975876588505
0.003830141316486735
0.003630700991857694
0.003404624064045958
0.003246889480869264
0.003259924821509941
0.0034921721348215584
0.0037034262362638515
0.003882857127994299
0.004020052949583963
0.004106282330856192
0.0041357099453303015
0.004106282330855304
0.004020052949584407
0.00388285712799874
0.0037034262362642956
0.0034921721348255552
0.003259924821509941
0.0030948116842219875
0.0030883561431487294
0.0033206632665301328
0.0035373587377645066
0.003728207246519233
0.003882857127997852
0.0039919758765911695
0.004048459421213568
0.004048459421206907
0.003991975876590281
0.003882857127997408
0.003728207246520121
0.0035373587377542925
0.0033206632665283564
0.003088356143157611
0.002920710606141519
0.0028981845582980448
0.0031251657145658918
0.0033413284540499966
0.00353735873776051
0.003703426236266072
0.0038301413164787412
0.003909668560844182
0.003936788823899917
0.003909668560836632
0.0038301413164814058
0.0037034262362629633
0.0035373587377582894
0.003341328454056658
0.0031251657145645595
0.002898184558298489
0.0027323272751056393
0.0026973508095120557
0.0029146592004734018
0.0031251657145650036
0.0033206632665248037
0.0034921721348206702
0.00363070099185947
0.003728207246290527
0.0037786034891160725
0.0037786034891174047
0.0037282072462878624
0.003630700991859026
0.0034921721348211143
0.00332066326652658
0.003125165714567224
0.0029146592004716254
0.002697350809514276
0.002536832043946724
0.00249289519102458
0.0026973508095151644
0.002898184558298933
0.003088356143157167
0.003259924821509941
0.0034046240640486225
0.003514644795557409
0.0035835250578735156
0.0036069849082718264
0.003583525057874404
0.003514644795556965
0.003404624064045958
0.0032599248215130494
0.003088356143155835
0.0028981845583020416
0.0026973508095102794
0.0024928951910232477
0.002340391238548012
0.002339993199909962
0.002536430084048913
0.0024982665426094286
0.002731932782847668
0.0027033035347101553
0.0027033035347101553
0.0029203373557642465
0.0029047459623017247
0.0029214090073219623
0.0029047459623017247
0.003094475181097067
0.0030955375763053183
0.0031327736318291777
0.0031327736318291777
0.0030955375763070947
0.0032466058423294974
0.0032677160336129774
0.003329167934777999
0.0033500798190253533
0.003329167934778887
0.003267716033615198
0.0033690622303086393
0.0034129882398392652
0.003501579310009273
0.003547317778757275
0.003547317778757275
0.0035015793100083847
0.0034129882398357125
0.0034550438985418985
0.003523515429910251
0.0036409740287126624
0.003714608162636246
0.0037397041366320494
0.003714608162636246
0.0036409740287126624
0.0035235154299111393
0.003499434340960672
0.0035928058085583636
0.0037392608143891337
0.0038424980713611667
0.0038959052447422593
0.0038959052447422593
0.0038424980713611667
0.0037392608143891337
0.003592805808565913
0.0034994802852779117
0.0036165531726575217
0.0037903027309780235
0.003923080357999265
0.004006500401876778
0.0040349635853540455
0.004006500401877222
0.003923080357997932
0.003790302730976247
0.0036165531726615185
0.0034551788155847696
0.003593239274358062
0.0037907699562627073
0.003951064733616061
0.00406428884333776
0.004122936896975737
0.004122936896974849
0.004064288843338204
0.003951064733616505
0.003790769956262263
0.003593239274358062
0.0033692777957754494
0.003524354587651768
0.0037406314320307388
0.003924557653925298
0.004065330568932435
0.004153869552314227
0.00418409613181181
0.004153869552314671
0.004065330568931547
0.003924557653925298
0.0037406314320294065
0.0035243545876508797
0.0032468894808679316
0.0034141815777228857
0.0036431595642136827
0.0038453532258961864
0.004009553347992245
0.004125600609144797
0.00418573183452331
0.004185731834522866
0.004125600609144797
0.004009553347992245
0.0038453532258970746
0.003643159564215459
0.00341418157772555
0.0030948116842228757
0.0032691953572423493
0.003504446722738308
0.003718657459996777
0.0039007640987041015
0.004040106203526683
0.004127728559050414
0.004157639275725877
0.004127728559049526
0.004040106203525795
0.0039007640987041015
0.003718657459996777
0.003504446722738308
0.003269195357240129
0.002920710606141963
0.003097226425133215
0.0033325574117162304
0.00355231952715096
0.0037460615256019736
0.0039031861584697403
0.0040141201956593875
0.004071565661859289
0.004071565661859289
0.004014120195659832
0.0039031861584701844
0.0037460615256024177
0.003552319527150516
0.0033325574117162304
0.003097226425133215
0.0027323272751056393
0.0029065676911939065
0.003136517320212029
0.0033557653904425777
0.0035548068753512574
0.003723581081021443
0.0038524561416735104
0.003933380399962605
0.003960984319903993
0.003933380399962605
0.0038524561416730663
0.003723581081020999
0.0035548068753512574
0.0033557653904425777
0.0031365173202098084
0.0029065676911939065
0.002536832043946724
0.0027051877681243397
0.0029253472191217433
0.0031388767134936657
0.0033374067426890086
0.0035117509605457897
0.0036526874030538004
0.003751950430855633
0.003803274619280206
0.003803274619280206
0.003751950430855633
0.0036526874030533563
0.003511750960542237
0.0033374067426885645
0.003138876713495442
0.0029253472191221874
0.0027051877681225633
0.002340391238548012
0.002500153382878789
0.002707296320449082
0.0029110253157789145
0.0031041665310689304
0.003278600853067193
0.0034258520913841295
0.0035378948103033103
0.003608076483832434
0.00363198578571744
0.003608076483832434
0.0035378948103086394
0.003425852091198056
0.0032786008530663047
0.0031041665310684863
0.0029110253157780264
0.002707296320449082
0.002500153382878789
0.0024928951910228037
0.002697350809513388
0.002697350809513832
0.002898184558299377
0.002914659200474734
0.0028981845583002652
0.0030883561431540585
0.003125165714566336
0.0031251657145650036
0.0030883561431527262
0.003259924821510385
0.0033206632665301328
0.003341328454052217
0.0033206632665288005
0.0032599248215090526
0.0034046240640472902
0.0034921721348215584
0.003537358737762286
0.00353735873776051
0.0034921721348206702
0.0034046240640481784
0.0035146447955547444
0.00363070099185947
0.0037034262362589665
0.003728207246524118
0.003703426236266516
0.003630700991858582
0.003514644795556965
0.003583525057874848
0.003728207246290971
0.003830141316486735
0.0038828571279965196
0.0038828571280009605
0.003830141316482738
0.0037282072462883065
0.0035835250578788447
0.0036069849082736027
0.0037786034891165166
0.003909668560846402
0.003991975876590725
0.004020052949584407
0.003991975876589837
0.0039096685608432935
0.0037786034891151843
0.0036069849082718264
0.0035835250578766242
0.0037786034891156284
0.003936788823898141
0.004048459421208683
0.004106282330858413
0.0041062823308566365
0.004048459421211348
0.0039367888238968085
0.003778603489118293
0.003583525057874404
0.0035146447955543003
0.003728207246296744
0.003909668560843738
0.0040484594212100156
0.004135709945332522
0.00416548931303895
0.004135709945334298
0.004048459421206463
0.0039096685608432935
0.0037282072462883065
0.003514644795558741
0.003404624064045514
0.003630700991857694
0.003830141316486735
0.003991975876588505
0.004106282330857081
0.00416548931303673
0.00416548931303895
0.004106282330860633
0.003991975876590725
0.003830141316483626
0.0036307009918616906
0.003404624064045514
0.003259924821509941
0.0034921721348206702
0.0037034262362638515
0.003882857127997852
0.0040200529495852955
0.004106282330855304
0.0041357099453303015
0.004106282330857969
0.004020052949589292
0.003882857127993855
0.0037034262362651837
0.0034921721348171175
0.0032599248215094967
0.0030883561431545026
0.0033206632665279123
0.003537358737756069
0.003728207246520121
0.003882857127997408
0.003991975876590281
0.004048459421206907
0.004048459421213568
0.003991975876588949
0.003882857127997852
0.0037282072465214533
0.0035373587377636184
0.0033206632665288005
0.0030883561431478412
0.002898184558298489
0.0031251657145650036
0.003341328454057102
0.0035373587377582894
0.0037034262362629633
0.003830141316482294
0.003909668560836632
0.003936788823899917
0.003909668560844182
0.0038301413164787412
0.003703426236266072
0.003537358737760954
0.0033413284540508847
0.0031251657145658918
0.0028981845582980448
0.002697350809514276
0.0029146592004711813
0.003125165714567224
0.003320663266527024
0.0034921721348211143
0.0036307009918616906
0.0037282072462887506
0.0037786034891174047
0.0037786034891160725
0.003728207246290527
0.0036307009918599142
0.003492172134819782
0.003320663266526136
0.0031251657145650036
0.0029146592004734018
0.0026973508095120557
0.0024928951910210273
0.002697350809508503
0.0028981845583011534
0.0030883561431549467
0.0032599248215121612
0.0034046240640477343
0.0035146447955565208
0.003583525057874404
0.0036069849082718264
0.0035835250578735156
0.0035146447955565208
0.003404624064050399
0.003259924821509941
0.003088356143157611
0.0028981845583007093
0.002697350809513832
0.00249289519102458
