0.0	0.5276274443635185	0.8494758854460922
0.0	0.2027406671824587	0.9792324656946437
0.3259310776558886	0.4048853757677086	0.8543048431956316
0.0	-0.2027406671824586	0.9792324656946437
0.35645524988467053	3.494003616952209e-17	0.934312396808293
0.6518621553117772	0.2024426878838543	0.7308164534235972
0.0	-0.5276274443635185	0.8494758854460922
0.3259310776558886	-0.4048853757677086	0.8543048431956316
0.6518621553117772	-0.2024426878838543	0.7308164534235972
0.8494758854460922	0.0	0.5276274443635185
-0.3259310776558886	0.4048853757677086	0.8543048431956316
-0.35645524988467053	3.494003616952209e-17	0.934312396808293
-0.6518621553117772	0.2024426878838543	0.7308164534235972
-0.3259310776558886	-0.4048853757677086	0.8543048431956316
-0.6518621553117772	-0.2024426878838543	0.7308164534235972
-0.8494758854460922	0.0	0.5276274443635185
0.20244268788385422	0.7308164534235971	0.6518621553117772
-0.20244268788385422	0.7308164534235971	0.6518621553117772
0.40488537576770856	0.8543048431956315	0.32593107765588863
0.0	0.9343123968082928	0.3564552498846706
-0.40488537576770856	0.8543048431956315	0.32593107765588863
0.5276274443635185	0.8494758854460922	0.0
0.2027406671824587	0.9792324656946437	0.0
-0.2027406671824586	0.9792324656946437	0.0
-0.5276274443635185	0.8494758854460922	0.0
-0.5773502691896257	0.5773502691896257	0.5773502691896258
-0.7308164534235971	0.6518621553117772	0.20244268788385422
-0.8543048431956315	0.32593107765588863	0.40488537576770856
0.0	0.5276274443635185	-0.8494758854460922
0.20244268788385422	0.7308164534235971	-0.6518621553117772
-0.20244268788385422	0.7308164534235971	-0.6518621553117772
0.40488537576770856	0.8543048431956315	-0.32593107765588863
0.0	0.9343123968082928	-0.3564552498846706
-0.40488537576770856	0.8543048431956315	-0.32593107765588863
-0.3259310776558886	0.4048853757677086	-0.8543048431956316
-0.6518621553117772	0.2024426878838543	-0.7308164534235972
-0.5773502691896257	0.5773502691896257	-0.5773502691896258
-0.8494758854460922	0.0	-0.5276274443635185
-0.8543048431956316	0.3259310776558886	-0.4048853757677086
-0.7308164534235972	0.6518621553117772	-0.2024426878838543
0.3259310776558886	0.4048853757677086	-0.8543048431956316
0.5773502691896257	0.5773502691896257	-0.5773502691896258
0.6518621553117772	0.2024426878838543	-0.7308164534235972
0.7308164534235971	0.6518621553117772	-0.20244268788385422
0.8543048431956315	0.32593107765588863	-0.40488537576770856
0.8494758854460922	0.0	-0.5276274443635185
0.0	0.2027406671824587	-0.9792324656946437
0.0	-0.2027406671824586	-0.9792324656946437
0.35645524988467053	3.494003616952209e-17	-0.934312396808293
0.0	-0.5276274443635185	-0.8494758854460922
0.3259310776558886	-0.4048853757677086	-0.8543048431956316
0.6518621553117772	-0.2024426878838543	-0.7308164534235972
-0.35645524988467053	3.494003616952209e-17	-0.934312396808293
-0.3259310776558886	-0.4048853757677086	-0.8543048431956316
-0.6518621553117772	-0.2024426878838543	-0.7308164534235972
-0.8543048431956316	-0.3259310776558886	0.4048853757677086
-0.9792324656946437	0.0	0.2027406671824587
-0.7308164534235972	-0.6518621553117772	0.2024426878838543
-0.934312396808293	-0.35645524988467053	3.494003616952209e-17
-0.9792324656946437	0.0	-0.2027406671824586
-0.5276274443635185	-0.8494758854460922	0.0
-0.7308164534235971	-0.6518621553117772	-0.20244268788385422
-0.8543048431956315	-0.32593107765588863	-0.40488537576770856
-0.20244268788385422	-0.7308164534235971	-0.6518621553117772
-0.40488537576770856	-0.8543048431956315	-0.32593107765588863
-0.5773502691896257	-0.5773502691896257	-0.5773502691896258
0.20244268788385422	-0.7308164534235971	-0.6518621553117772
0.0	-0.9343123968082928	-0.3564552498846706
0.40488537576770856	-0.8543048431956315	-0.32593107765588863
-0.2027406671824587	-0.9792324656946437	0.0
0.2027406671824586	-0.9792324656946437	0.0
0.5276274443635185	-0.8494758854460922	0.0
0.5773502691896257	-0.5773502691896257	-0.5773502691896258
0.7308164534235971	-0.6518621553117772	-0.20244268788385422
0.8543048431956315	-0.32593107765588863	-0.40488537576770856
0.7308164534235971	-0.6518621553117772	0.20244268788385422
0.9343123968082928	-0.3564552498846706	0.0
0.8543048431956315	-0.32593107765588863	0.40488537576770856
0.9792324656946437	0.0	-0.2027406671824587
0.9792324656946437	0.0	0.2027406671824586
0.7308164534235971	0.6518621553117772	0.20244268788385422
0.9343123968082928	0.3564552498846706	0.0
0.8543048431956315	0.32593107765588863	0.40488537576770856
0.5773502691896257	0.5773502691896257	0.5773502691896258
-0.9343123968082928	0.3564552498846706	0.0
0.20244268788385422	-0.7308164534235971	0.6518621553117772
0.5773502691896257	-0.5773502691896257	0.5773502691896258
0.40488537576770856	-0.8543048431956315	0.32593107765588863
-0.20244268788385422	-0.7308164534235971	0.6518621553117772
-0.40488537576770856	-0.8543048431956315	0.32593107765588863
0.0	-0.9343123968082928	0.3564552498846706
-0.5773502691896257	-0.5773502691896257	0.5773502691896258
