0.09803550103375791
0.1400333928553783
0.13960383791777353
0.1400333928553783
0.15076748019816666
0.13953385430653054
0.09803550103376946
0.13960383791777842
0.13953385430653054
0.09803550103376857
0.13960383791777353
0.15076748019816666
0.13953385430653054
0.13960383791777842
0.1395338543065301
0.09803550103376857
0.13953385430653942
0.13953385430653942
0.1396038379177762
0.15076748019816355
0.13960383791777575
0.09803550103376679
0.14003339285538008
0.1400333928553783
0.09803550103376724
0.15012868899099407
0.13953385430654341
0.13960383791777664
0.09803550103375791
0.13953385430653942
0.13953385430653942
0.1396038379177762
0.15076748019816355
0.13960383791777575
0.13960383791777353
0.1395338543065301
0.15012868899099407
0.09803550103376857
0.13960383791777975
0.13953385430653187
0.13960383791777353
0.15012868899099407
0.13953385430653054
0.13953385430654253
0.13960383791777664
0.09803550103376857
0.1400333928553783
0.1400333928553783
0.15076748019816666
0.09803550103376946
0.13960383791777842
0.13953385430653054
0.15076748019816666
0.13960383791777842
0.13953385430653054
0.13960383791777664
0.1400333928553792
0.13953385430653586
0.15076748019816444
0.1400333928553783
0.09803550103376635
0.1395338543065483
0.13960383791777708
0.13953385430653942
0.1396038379177762
0.15012868899099407
0.13953385430653942
0.15076748019816355
0.13960383791777575
0.14003339285538008
0.1400333928553783
0.09803550103376679
0.15012868899099407
0.13953385430654253
0.13960383791777664
0.13953385430654253
0.15076748019816355
0.13960383791777664
0.14003339285537741
0.14003339285537741
0.13953385430654253
0.15076748019816355
0.13960383791777664
0.15012868899099407
0.1507674801981631
0.13953385430653942
0.15012868899099407
0.13960383791777575
0.13953385430653942
0.1396038379177762
0.15076748019816355
0.15012868899099407
