1	226	451	676	3376	0
1	2	226	227	3	228
3376	3377	1	2	4	3378
3	5	228	230	7	232
4	6	3	5	2	8
3378	3380	4	6	9	3382
7	10	232	235	13	238
8	11	7	10	5	14
9	12	8	11	6	15
3382	3385	9	12	16	3388
13	17	238	242	21	246
14	18	13	17	10	22
15	19	14	18	11	23
16	20	15	19	12	24
3388	3392	16	20	25	3396
21	26	246	251	31	256
22	27	21	26	17	32
23	28	22	27	18	33
24	29	23	28	19	34
25	30	24	29	20	35
3396	3401	25	30	36	3406
31	37	256	262	43	268
32	38	31	37	26	44
33	39	32	38	27	45
34	40	33	39	28	46
35	41	34	40	29	47
36	42	35	41	30	48
3406	3412	36	42	49	3418
43	50	268	275	57	282
44	51	43	50	37	58
45	52	44	51	38	59
46	53	45	52	39	60
47	54	46	53	40	61
48	55	47	54	41	62
49	56	48	55	42	63
3418	3425	49	56	64	3432
57	65	282	290	73	298
58	66	57	65	50	74
59	67	58	66	51	75
60	68	59	67	52	76
61	69	60	68	53	77
62	70	61	69	54	78
63	71	62	70	55	79
64	72	63	71	56	80
3432	3440	64	72	81	3448
73	82	298	307	91	316
74	83	73	82	65	92
75	84	74	83	66	93
76	85	75	84	67	94
77	86	76	85	68	95
78	87	77	86	69	96
79	88	78	87	70	97
80	89	79	88	71	98
81	90	80	89	72	99
3448	3457	81	90	100	3466
91	101	316	326	111	336
92	102	91	101	82	112
93	103	92	102	83	113
94	104	93	103	84	114
95	105	94	104	85	115
96	106	95	105	86	116
97	107	96	106	87	117
98	108	97	107	88	118
99	109	98	108	89	119
100	110	99	109	90	120
3466	3476	100	110	121	3486
111	122	336	347	133	358
112	123	111	122	101	134
113	124	112	123	102	135
114	125	113	124	103	136
115	126	114	125	104	137
116	127	115	126	105	138
117	128	116	127	106	139
118	129	117	128	107	140
119	130	118	129	108	141
120	131	119	130	109	142
121	132	120	131	110	143
3486	3497	121	132	144	3508
133	145	358	370	157	382
134	146	133	145	122	158
135	147	134	146	123	159
136	148	135	147	124	160
137	149	136	148	125	161
138	150	137	149	126	162
139	151	138	150	127	163
140	152	139	151	128	164
141	153	140	152	129	165
142	154	141	153	130	166
143	155	142	154	131	167
144	156	143	155	132	168
3508	3520	144	156	169	3532
157	170	382	395	183	408
158	171	157	170	145	184
159	172	158	171	146	185
160	173	159	172	147	186
161	174	160	173	148	187
162	175	161	174	149	188
163	176	162	175	150	189
164	177	163	176	151	190
165	178	164	177	152	191
166	179	165	178	153	192
167	180	166	179	154	193
168	181	167	180	155	194
169	182	168	181	156	195
3532	3545	169	182	196	3558
183	197	408	422	211	436
184	198	183	197	170	212
185	199	184	198	171	213
186	200	185	199	172	214
187	201	186	200	173	215
188	202	187	201	174	216
189	203	188	202	175	217
190	204	189	203	176	218
191	205	190	204	177	219
192	206	191	205	178	220
193	207	192	206	179	221
194	208	193	207	180	222
195	209	194	208	181	223
196	210	195	209	182	224
3558	3572	196	210	225	3586
211	436	3826	4051	4276	0
212	3826	3827	211	197	3828
213	3828	3830	212	198	3832
214	3832	3835	213	199	3838
215	3838	3842	214	200	3846
216	3846	3851	215	201	3856
217	3856	3862	216	202	3868
218	3868	3875	217	203	3882
219	3882	3890	218	204	3898
220	3898	3907	219	205	3916
221	3916	3926	220	206	3936
222	3936	3947	221	207	3958
223	3958	3970	222	208	3982
224	3982	3995	223	209	4008
225	4008	4022	224	210	4036
3586	4036	225	3150	3375	0
226	227	676	677	229	679
229	231	228	230	227	233
229	231	679	681	234	684
233	236	232	235	230	239
234	237	233	236	231	240
234	237	684	687	241	691
239	243	238	242	235	247
240	244	239	243	236	248
241	245	240	244	237	249
241	245	691	695	250	700
247	252	246	251	242	257
248	253	247	252	243	258
249	254	248	253	244	259
250	255	249	254	245	260
250	255	700	705	261	711
257	263	256	262	251	269
258	264	257	263	252	270
259	265	258	264	253	271
260	266	259	265	254	272
261	267	260	266	255	273
261	267	711	717	274	724
269	276	268	275	262	283
270	277	269	276	263	284
271	278	270	277	264	285
272	279	271	278	265	286
273	280	272	279	266	287
274	281	273	280	267	288
274	281	724	731	289	739
283	291	282	290	275	299
284	292	283	291	276	300
285	293	284	292	277	301
286	294	285	293	278	302
287	295	286	294	279	303
288	296	287	295	280	304
289	297	288	296	281	305
289	297	739	747	306	756
299	308	298	307	290	317
300	309	299	308	291	318
301	310	300	309	292	319
302	311	301	310	293	320
303	312	302	311	294	321
304	313	303	312	295	322
305	314	304	313	296	323
306	315	305	314	297	324
306	315	756	765	325	775
317	327	316	326	307	337
318	328	317	327	308	338
319	329	318	328	309	339
320	330	319	329	310	340
321	331	320	330	311	341
322	332	321	331	312	342
323	333	322	332	313	343
324	334	323	333	314	344
325	335	324	334	315	345
325	335	775	785	346	796
337	348	336	347	326	359
338	349	337	348	327	360
339	350	338	349	328	361
340	351	339	350	329	362
341	352	340	351	330	363
342	353	341	352	331	364
343	354	342	353	332	365
344	355	343	354	333	366
345	356	344	355	334	367
346	357	345	356	335	368
346	357	796	807	369	819
359	371	358	370	347	383
360	372	359	371	348	384
361	373	360	372	349	385
362	374	361	373	350	386
363	375	362	374	351	387
364	376	363	375	352	388
365	377	364	376	353	389
366	378	365	377	354	390
367	379	366	378	355	391
368	380	367	379	356	392
369	381	368	380	357	393
369	381	819	831	394	844
383	396	382	395	370	409
384	397	383	396	371	410
385	398	384	397	372	411
386	399	385	398	373	412
387	400	386	399	374	413
388	401	387	400	375	414
389	402	388	401	376	415
390	403	389	402	377	416
391	404	390	403	378	417
392	405	391	404	379	418
393	406	392	405	380	419
394	407	393	406	381	420
394	407	844	857	421	871
409	423	408	422	395	437
410	424	409	423	396	438
411	425	410	424	397	439
412	426	411	425	398	440
413	427	412	426	399	441
414	428	413	427	400	442
415	429	414	428	401	443
416	430	415	429	402	444
417	431	416	430	403	445
418	432	417	431	404	446
419	433	418	432	405	447
420	434	419	433	406	448
421	435	420	434	407	449
421	435	871	885	450	900
437	436	4276	4277	422	4279
438	437	4279	4281	423	4284
439	438	4284	4287	424	4291
440	439	4291	4295	425	4300
441	440	4300	4305	426	4311
442	441	4311	4317	427	4324
443	442	4324	4331	428	4339
444	443	4339	4347	429	4356
445	444	4356	4365	430	4375
446	445	4375	4385	431	4396
447	446	4396	4407	432	4419
448	447	4419	4431	433	4444
449	448	4444	4457	434	4471
450	449	4471	4485	435	4500
3811	450	900	4500	2026	0
451	452	3376	3377	453	3379
676	677	451	452	454	678
453	455	3379	3381	457	3384
454	456	453	455	452	458
678	680	454	456	459	682
457	460	3384	3387	463	3391
458	461	457	460	455	464
459	462	458	461	456	465
682	685	459	462	466	688
463	467	3391	3395	471	3400
464	468	463	467	460	472
465	469	464	468	461	473
466	470	465	469	462	474
688	692	466	470	475	696
471	476	3400	3405	481	3411
472	477	471	476	467	482
473	478	472	477	468	483
474	479	473	478	469	484
475	480	474	479	470	485
696	701	475	480	486	706
481	487	3411	3417	493	3424
482	488	481	487	476	494
483	489	482	488	477	495
484	490	483	489	478	496
485	491	484	490	479	497
486	492	485	491	480	498
706	712	486	492	499	718
493	500	3424	3431	507	3439
494	501	493	500	487	508
495	502	494	501	488	509
496	503	495	502	489	510
497	504	496	503	490	511
498	505	497	504	491	512
499	506	498	505	492	513
718	725	499	506	514	732
507	515	3439	3447	523	3456
508	516	507	515	500	524
509	517	508	516	501	525
510	518	509	517	502	526
511	519	510	518	503	527
512	520	511	519	504	528
513	521	512	520	505	529
514	522	513	521	506	530
732	740	514	522	531	748
523	532	3456	3465	541	3475
524	533	523	532	515	542
525	534	524	533	516	543
526	535	525	534	517	544
527	536	526	535	518	545
528	537	527	536	519	546
529	538	528	537	520	547
530	539	529	538	521	548
531	540	530	539	522	549
748	757	531	540	550	766
541	551	3475	3485	561	3496
542	552	541	551	532	562
543	553	542	552	533	563
544	554	543	553	534	564
545	555	544	554	535	565
546	556	545	555	536	566
547	557	546	556	537	567
548	558	547	557	538	568
549	559	548	558	539	569
550	560	549	559	540	570
766	776	550	560	571	786
561	572	3496	3507	583	3519
562	573	561	572	551	584
563	574	562	573	552	585
564	575	563	574	553	586
565	576	564	575	554	587
566	577	565	576	555	588
567	578	566	577	556	589
568	579	567	578	557	590
569	580	568	579	558	591
570	581	569	580	559	592
571	582	570	581	560	593
786	797	571	582	594	808
583	595	3519	3531	607	3544
584	596	583	595	572	608
585	597	584	596	573	609
586	598	585	597	574	610
587	599	586	598	575	611
588	600	587	599	576	612
589	601	588	600	577	613
590	602	589	601	578	614
591	603	590	602	579	615
592	604	591	603	580	616
593	605	592	604	581	617
594	606	593	605	582	618
808	820	594	606	619	832
607	620	3544	3557	633	3571
608	621	607	620	595	634
609	622	608	621	596	635
610	623	609	622	597	636
611	624	610	623	598	637
612	625	611	624	599	638
613	626	612	625	600	639
614	627	613	626	601	640
615	628	614	627	602	641
616	629	615	628	603	642
617	630	616	629	604	643
618	631	617	630	605	644
619	632	618	631	606	645
832	845	619	632	646	858
633	647	3571	3585	661	3600
634	648	633	647	620	662
635	649	634	648	621	663
636	650	635	649	622	664
637	651	636	650	623	665
638	652	637	651	624	666
639	653	638	652	625	667
640	654	639	653	626	668
641	655	640	654	627	669
642	656	641	655	628	670
643	657	642	656	629	671
644	658	643	657	630	672
645	659	644	658	631	673
646	660	645	659	632	674
858	872	646	660	675	886
661	1111	1561	3600	3151	0
662	1112	661	1111	647	1097
663	1113	662	1112	648	1098
664	1114	663	1113	649	1099
665	1115	664	1114	650	1100
666	1116	665	1115	651	1101
667	1117	666	1116	652	1102
668	1118	667	1117	653	1103
669	1119	668	1118	654	1104
670	1120	669	1119	655	1105
671	1121	670	1120	656	1106
672	1122	671	1121	657	1107
673	1123	672	1122	658	1108
674	1124	673	1123	659	1109
675	1125	674	1124	660	1110
886	675	1125	1350	3601	0
679	681	678	680	677	683
683	686	682	685	680	689
684	687	683	686	681	690
689	693	688	692	685	697
690	694	689	693	686	698
691	695	690	694	687	699
697	702	696	701	692	707
698	703	697	702	693	708
699	704	698	703	694	709
700	705	699	704	695	710
707	713	706	712	701	719
708	714	707	713	702	720
709	715	708	714	703	721
710	716	709	715	704	722
711	717	710	716	705	723
719	726	718	725	712	733
720	727	719	726	713	734
721	728	720	727	714	735
722	729	721	728	715	736
723	730	722	729	716	737
724	731	723	730	717	738
733	741	732	740	725	749
734	742	733	741	726	750
735	743	734	742	727	751
736	744	735	743	728	752
737	745	736	744	729	753
738	746	737	745	730	754
739	747	738	746	731	755
749	758	748	757	740	767
750	759	749	758	741	768
751	760	750	759	742	769
752	761	751	760	743	770
753	762	752	761	744	771
754	763	753	762	745	772
755	764	754	763	746	773
756	765	755	764	747	774
767	777	766	776	757	787
768	778	767	777	758	788
769	779	768	778	759	789
770	780	769	779	760	790
771	781	770	780	761	791
772	782	771	781	762	792
773	783	772	782	763	793
774	784	773	783	764	794
775	785	774	784	765	795
787	798	786	797	776	809
788	799	787	798	777	810
789	800	788	799	778	811
790	801	789	800	779	812
791	802	790	801	780	813
792	803	791	802	781	814
793	804	792	803	782	815
794	805	793	804	783	816
795	806	794	805	784	817
796	807	795	806	785	818
809	821	808	820	797	833
810	822	809	821	798	834
811	823	810	822	799	835
812	824	811	823	800	836
813	825	812	824	801	837
814	826	813	825	802	838
815	827	814	826	803	839
816	828	815	827	804	840
817	829	816	828	805	841
818	830	817	829	806	842
819	831	818	830	807	843
833	846	832	845	820	859
834	847	833	846	821	860
835	848	834	847	822	861
836	849	835	848	823	862
837	850	836	849	824	863
838	851	837	850	825	864
839	852	838	851	826	865
840	853	839	852	827	866
841	854	840	853	828	867
842	855	841	854	829	868
843	856	842	855	830	869
844	857	843	856	831	870
859	873	858	872	845	887
860	874	859	873	846	888
861	875	860	874	847	889
862	876	861	875	848	890
863	877	862	876	849	891
864	878	863	877	850	892
865	879	864	878	851	893
866	880	865	879	852	894
867	881	866	880	853	895
868	882	867	881	854	896
869	883	868	882	855	897
870	884	869	883	856	898
871	885	870	884	857	899
887	3601	3602	886	872	3603
888	3603	3605	887	873	3607
889	3607	3610	888	874	3613
890	3613	3617	889	875	3621
891	3621	3626	890	876	3631
892	3631	3637	891	877	3643
893	3643	3650	892	878	3657
894	3657	3665	893	879	3673
895	3673	3682	894	880	3691
896	3691	3701	895	881	3711
897	3711	3722	896	882	3733
898	3733	3745	897	883	3757
899	3757	3770	898	884	3783
900	3783	3797	899	885	3811
901	1126	1351	1576	1801	0
901	902	1351	1352	903	1353
901	902	1126	1127	904	1129
903	905	1353	1355	907	1357
904	906	903	905	902	908
904	906	1129	1131	909	1134
907	910	1357	1360	913	1363
908	911	907	910	905	914
909	912	908	911	906	915
909	912	1134	1137	916	1141
913	917	1363	1367	921	1371
914	918	913	917	910	922
915	919	914	918	911	923
916	920	915	919	912	924
916	920	1141	1145	925	1150
921	926	1371	1376	931	1381
922	927	921	926	917	932
923	928	922	927	918	933
924	929	923	928	919	934
925	930	924	929	920	935
925	930	1150	1155	936	1161
931	937	1381	1387	943	1393
932	938	931	937	926	944
933	939	932	938	927	945
934	940	933	939	928	946
935	941	934	940	929	947
936	942	935	941	930	948
936	942	1161	1167	949	1174
943	950	1393	1400	957	1407
944	951	943	950	937	958
945	952	944	951	938	959
946	953	945	952	939	960
947	954	946	953	940	961
948	955	947	954	941	962
949	956	948	955	942	963
949	956	1174	1181	964	1189
957	965	1407	1415	973	1423
958	966	957	965	950	974
959	967	958	966	951	975
960	968	959	967	952	976
961	969	960	968	953	977
962	970	961	969	954	978
963	971	962	970	955	979
964	972	963	971	956	980
964	972	1189	1197	981	1206
973	982	1423	1432	991	1441
974	983	973	982	965	992
975	984	974	983	966	993
976	985	975	984	967	994
977	986	976	985	968	995
978	987	977	986	969	996
979	988	978	987	970	997
980	989	979	988	971	998
981	990	980	989	972	999
981	990	1206	1215	1000	1225
991	1001	1441	1451	1011	1461
992	1002	991	1001	982	1012
993	1003	992	1002	983	1013
994	1004	993	1003	984	1014
995	1005	994	1004	985	1015
996	1006	995	1005	986	1016
997	1007	996	1006	987	1017
998	1008	997	1007	988	1018
999	1009	998	1008	989	1019
1000	1010	999	1009	990	1020
1000	1010	1225	1235	1021	1246
1011	1022	1461	1472	1033	1483
1012	1023	1011	1022	1001	1034
1013	1024	1012	1023	1002	1035
1014	1025	1013	1024	1003	1036
1015	1026	1014	1025	1004	1037
1016	1027	1015	1026	1005	1038
1017	1028	1016	1027	1006	1039
1018	1029	1017	1028	1007	1040
1019	1030	1018	1029	1008	1041
1020	1031	1019	1030	1009	1042
1021	1032	1020	1031	1010	1043
1021	1032	1246	1257	1044	1269
1033	1045	1483	1495	1057	1507
1034	1046	1033	1045	1022	1058
1035	1047	1034	1046	1023	1059
1036	1048	1035	1047	1024	1060
1037	1049	1036	1048	1025	1061
1038	1050	1037	1049	1026	1062
1039	1051	1038	1050	1027	1063
1040	1052	1039	1051	1028	1064
1041	1053	1040	1052	1029	1065
1042	1054	1041	1053	1030	1066
1043	1055	1042	1054	1031	1067
1044	1056	1043	1055	1032	1068
1044	1056	1269	1281	1069	1294
1057	1070	1507	1520	1083	1533
1058	1071	1057	1070	1045	1084
1059	1072	1058	1071	1046	1085
1060	1073	1059	1072	1047	1086
1061	1074	1060	1073	1048	1087
1062	1075	1061	1074	1049	1088
1063	1076	1062	1075	1050	1089
1064	1077	1063	1076	1051	1090
1065	1078	1064	1077	1052	1091
1066	1079	1065	1078	1053	1092
1067	1080	1066	1079	1054	1093
1068	1081	1067	1080	1055	1094
1069	1082	1068	1081	1056	1095
1069	1082	1294	1307	1096	1321
1083	1097	1533	1547	1111	1561
1084	1098	1083	1097	1070	1112
1085	1099	1084	1098	1071	1113
1086	1100	1085	1099	1072	1114
1087	1101	1086	1100	1073	1115
1088	1102	1087	1101	1074	1116
1089	1103	1088	1102	1075	1117
1090	1104	1089	1103	1076	1118
1091	1105	1090	1104	1077	1119
1092	1106	1091	1105	1078	1120
1093	1107	1092	1106	1079	1121
1094	1108	1093	1107	1080	1122
1095	1109	1094	1108	1081	1123
1096	1110	1095	1109	1082	1124
1096	1110	1321	1335	1125	1350
1126	1127	1801	1802	1128	1804
1128	1130	1804	1806	1132	1809
1129	1131	1128	1130	1127	1133
1132	1135	1809	1812	1138	1816
1133	1136	1132	1135	1130	1139
1134	1137	1133	1136	1131	1140
1138	1142	1816	1820	1146	1825
1139	1143	1138	1142	1135	1147
1140	1144	1139	1143	1136	1148
1141	1145	1140	1144	1137	1149
1146	1151	1825	1830	1156	1836
1147	1152	1146	1151	1142	1157
1148	1153	1147	1152	1143	1158
1149	1154	1148	1153	1144	1159
1150	1155	1149	1154	1145	1160
1156	1162	1836	1842	1168	1849
1157	1163	1156	1162	1151	1169
1158	1164	1157	1163	1152	1170
1159	1165	1158	1164	1153	1171
1160	1166	1159	1165	1154	1172
1161	1167	1160	1166	1155	1173
1168	1175	1849	1856	1182	1864
1169	1176	1168	1175	1162	1183
1170	1177	1169	1176	1163	1184
1171	1178	1170	1177	1164	1185
1172	1179	1171	1178	1165	1186
1173	1180	1172	1179	1166	1187
1174	1181	1173	1180	1167	1188
1182	1190	1864	1872	1198	1881
1183	1191	1182	1190	1175	1199
1184	1192	1183	1191	1176	1200
1185	1193	1184	1192	1177	1201
1186	1194	1185	1193	1178	1202
1187	1195	1186	1194	1179	1203
1188	1196	1187	1195	1180	1204
1189	1197	1188	1196	1181	1205
1198	1207	1881	1890	1216	1900
1199	1208	1198	1207	1190	1217
1200	1209	1199	1208	1191	1218
1201	1210	1200	1209	1192	1219
1202	1211	1201	1210	1193	1220
1203	1212	1202	1211	1194	1221
1204	1213	1203	1212	1195	1222
1205	1214	1204	1213	1196	1223
1206	1215	1205	1214	1197	1224
1216	1226	1900	1910	1236	1921
1217	1227	1216	1226	1207	1237
1218	1228	1217	1227	1208	1238
1219	1229	1218	1228	1209	1239
1220	1230	1219	1229	1210	1240
1221	1231	1220	1230	1211	1241
1222	1232	1221	1231	1212	1242
1223	1233	1222	1232	1213	1243
1224	1234	1223	1233	1214	1244
1225	1235	1224	1234	1215	1245
1236	1247	1921	1932	1258	1944
1237	1248	1236	1247	1226	1259
1238	1249	1237	1248	1227	1260
1239	1250	1238	1249	1228	1261
1240	1251	1239	1250	1229	1262
1241	1252	1240	1251	1230	1263
1242	1253	1241	1252	1231	1264
1243	1254	1242	1253	1232	1265
1244	1255	1243	1254	1233	1266
1245	1256	1244	1255	1234	1267
1246	1257	1245	1256	1235	1268
1258	1270	1944	1956	1282	1969
1259	1271	1258	1270	1247	1283
1260	1272	1259	1271	1248	1284
1261	1273	1260	1272	1249	1285
1262	1274	1261	1273	1250	1286
1263	1275	1262	1274	1251	1287
1264	1276	1263	1275	1252	1288
1265	1277	1264	1276	1253	1289
1266	1278	1265	1277	1254	1290
1267	1279	1266	1278	1255	1291
1268	1280	1267	1279	1256	1292
1269	1281	1268	1280	1257	1293
1282	1295	1969	1982	1308	1996
1283	1296	1282	1295	1270	1309
1284	1297	1283	1296	1271	1310
1285	1298	1284	1297	1272	1311
1286	1299	1285	1298	1273	1312
1287	1300	1286	1299	1274	1313
1288	1301	1287	1300	1275	1314
1289	1302	1288	1301	1276	1315
1290	1303	1289	1302	1277	1316
1291	1304	1290	1303	1278	1317
1292	1305	1291	1304	1279	1318
1293	1306	1292	1305	1280	1319
1294	1307	1293	1306	1281	1320
1308	1322	1996	2010	1336	2025
1309	1323	1308	1322	1295	1337
1310	1324	1309	1323	1296	1338
1311	1325	1310	1324	1297	1339
1312	1326	1311	1325	1298	1340
1313	1327	1312	1326	1299	1341
1314	1328	1313	1327	1300	1342
1315	1329	1314	1328	1301	1343
1316	1330	1315	1329	1302	1344
1317	1331	1316	1330	1303	1345
1318	1332	1317	1331	1304	1346
1319	1333	1318	1332	1305	1347
1320	1334	1319	1333	1306	1348
1321	1335	1320	1334	1307	1349
1336	2025	2250	2475	3825	0
1337	1336	3796	3810	1322	3825
1338	1337	3769	3782	1323	3796
1339	1338	3744	3756	1324	3769
1340	1339	3721	3732	1325	3744
1341	1340	3700	3710	1326	3721
1342	1341	3681	3690	1327	3700
1343	1342	3664	3672	1328	3681
1344	1343	3649	3656	1329	3664
1345	1344	3636	3642	1330	3649
1346	1345	3625	3630	1331	3636
1347	1346	3616	3620	1332	3625
1348	1347	3609	3612	1333	3616
1349	1348	3604	3606	1334	3609
1350	1349	3601	3602	1335	3604
1351	1352	1576	1577	1354	1579
1354	1356	1353	1355	1352	1358
1354	1356	1579	1581	1359	1584
1358	1361	1357	1360	1355	1364
1359	1362	1358	1361	1356	1365
1359	1362	1584	1587	1366	1591
1364	1368	1363	1367	1360	1372
1365	1369	1364	1368	1361	1373
1366	1370	1365	1369	1362	1374
1366	1370	1591	1595	1375	1600
1372	1377	1371	1376	1367	1382
1373	1378	1372	1377	1368	1383
1374	1379	1373	1378	1369	1384
1375	1380	1374	1379	1370	1385
1375	1380	1600	1605	1386	1611
1382	1388	1381	1387	1376	1394
1383	1389	1382	1388	1377	1395
1384	1390	1383	1389	1378	1396
1385	1391	1384	1390	1379	1397
1386	1392	1385	1391	1380	1398
1386	1392	1611	1617	1399	1624
1394	1401	1393	1400	1387	1408
1395	1402	1394	1401	1388	1409
1396	1403	1395	1402	1389	1410
1397	1404	1396	1403	1390	1411
1398	1405	1397	1404	1391	1412
1399	1406	1398	1405	1392	1413
1399	1406	1624	1631	1414	1639
1408	1416	1407	1415	1400	1424
1409	1417	1408	1416	1401	1425
1410	1418	1409	1417	1402	1426
1411	1419	1410	1418	1403	1427
1412	1420	1411	1419	1404	1428
1413	1421	1412	1420	1405	1429
1414	1422	1413	1421	1406	1430
1414	1422	1639	1647	1431	1656
1424	1433	1423	1432	1415	1442
1425	1434	1424	1433	1416	1443
1426	1435	1425	1434	1417	1444
1427	1436	1426	1435	1418	1445
1428	1437	1427	1436	1419	1446
1429	1438	1428	1437	1420	1447
1430	1439	1429	1438	1421	1448
1431	1440	1430	1439	1422	1449
1431	1440	1656	1665	1450	1675
1442	1452	1441	1451	1432	1462
1443	1453	1442	1452	1433	1463
1444	1454	1443	1453	1434	1464
1445	1455	1444	1454	1435	1465
1446	1456	1445	1455	1436	1466
1447	1457	1446	1456	1437	1467
1448	1458	1447	1457	1438	1468
1449	1459	1448	1458	1439	1469
1450	1460	1449	1459	1440	1470
1450	1460	1675	1685	1471	1696
1462	1473	1461	1472	1451	1484
1463	1474	1462	1473	1452	1485
1464	1475	1463	1474	1453	1486
1465	1476	1464	1475	1454	1487
1466	1477	1465	1476	1455	1488
1467	1478	1466	1477	1456	1489
1468	1479	1467	1478	1457	1490
1469	1480	1468	1479	1458	1491
1470	1481	1469	1480	1459	1492
1471	1482	1470	1481	1460	1493
1471	1482	1696	1707	1494	1719
1484	1496	1483	1495	1472	1508
1485	1497	1484	1496	1473	1509
1486	1498	1485	1497	1474	1510
1487	1499	1486	1498	1475	1511
1488	1500	1487	1499	1476	1512
1489	1501	1488	1500	1477	1513
1490	1502	1489	1501	1478	1514
1491	1503	1490	1502	1479	1515
1492	1504	1491	1503	1480	1516
1493	1505	1492	1504	1481	1517
1494	1506	1493	1505	1482	1518
1494	1506	1719	1731	1519	1744
1508	1521	1507	1520	1495	1534
1509	1522	1508	1521	1496	1535
1510	1523	1509	1522	1497	1536
1511	1524	1510	1523	1498	1537
1512	1525	1511	1524	1499	1538
1513	1526	1512	1525	1500	1539
1514	1527	1513	1526	1501	1540
1515	1528	1514	1527	1502	1541
1516	1529	1515	1528	1503	1542
1517	1530	1516	1529	1504	1543
1518	1531	1517	1530	1505	1544
1519	1532	1518	1531	1506	1545
1519	1532	1744	1757	1546	1771
1534	1548	1533	1547	1520	1562
1535	1549	1534	1548	1521	1563
1536	1550	1535	1549	1522	1564
1537	1551	1536	1550	1523	1565
1538	1552	1537	1551	1524	1566
1539	1553	1538	1552	1525	1567
1540	1554	1539	1553	1526	1568
1541	1555	1540	1554	1527	1569
1542	1556	1541	1555	1528	1570
1543	1557	1542	1556	1529	1571
1544	1558	1543	1557	1530	1572
1545	1559	1544	1558	1531	1573
1546	1560	1545	1559	1532	1574
1546	1560	1771	1785	1575	1800
1562	3151	3152	1561	1547	3153
1563	3153	3155	1562	1548	3157
1564	3157	3160	1563	1549	3163
1565	3163	3167	1564	1550	3171
1566	3171	3176	1565	1551	3181
1567	3181	3187	1566	1552	3193
1568	3193	3200	1567	1553	3207
1569	3207	3215	1568	1554	3223
1570	3223	3232	1569	1555	3241
1571	3241	3251	1570	1556	3261
1572	3261	3272	1571	1557	3283
1573	3283	3295	1572	1558	3307
1574	3307	3320	1573	1559	3333
1575	3333	3347	1574	1560	3361
3136	3361	1575	1800	2925	0
1576	1577	1801	1802	1578	1803
1578	1580	1803	1805	1582	1807
1579	1581	1578	1580	1577	1583
1582	1585	1807	1810	1588	1813
1583	1586	1582	1585	1580	1589
1584	1587	1583	1586	1581	1590
1588	1592	1813	1817	1596	1821
1589	1593	1588	1592	1585	1597
1590	1594	1589	1593	1586	1598
1591	1595	1590	1594	1587	1599
1596	1601	1821	1826	1606	1831
1597	1602	1596	1601	1592	1607
1598	1603	1597	1602	1593	1608
1599	1604	1598	1603	1594	1609
1600	1605	1599	1604	1595	1610
1606	1612	1831	1837	1618	1843
1607	1613	1606	1612	1601	1619
1608	1614	1607	1613	1602	1620
1609	1615	1608	1614	1603	1621
1610	1616	1609	1615	1604	1622
1611	1617	1610	1616	1605	1623
1618	1625	1843	1850	1632	1857
1619	1626	1618	1625	1612	1633
1620	1627	1619	1626	1613	1634
1621	1628	1620	1627	1614	1635
1622	1629	1621	1628	1615	1636
1623	1630	1622	1629	1616	1637
1624	1631	1623	1630	1617	1638
1632	1640	1857	1865	1648	1873
1633	1641	1632	1640	1625	1649
1634	1642	1633	1641	1626	1650
1635	1643	1634	1642	1627	1651
1636	1644	1635	1643	1628	1652
1637	1645	1636	1644	1629	1653
1638	1646	1637	1645	1630	1654
1639	1647	1638	1646	1631	1655
1648	1657	1873	1882	1666	1891
1649	1658	1648	1657	1640	1667
1650	1659	1649	1658	1641	1668
1651	1660	1650	1659	1642	1669
1652	1661	1651	1660	1643	1670
1653	1662	1652	1661	1644	1671
1654	1663	1653	1662	1645	1672
1655	1664	1654	1663	1646	1673
1656	1665	1655	1664	1647	1674
1666	1676	1891	1901	1686	1911
1667	1677	1666	1676	1657	1687
1668	1678	1667	1677	1658	1688
1669	1679	1668	1678	1659	1689
1670	1680	1669	1679	1660	1690
1671	1681	1670	1680	1661	1691
1672	1682	1671	1681	1662	1692
1673	1683	1672	1682	1663	1693
1674	1684	1673	1683	1664	1694
1675	1685	1674	1684	1665	1695
1686	1697	1911	1922	1708	1933
1687	1698	1686	1697	1676	1709
1688	1699	1687	1698	1677	1710
1689	1700	1688	1699	1678	1711
1690	1701	1689	1700	1679	1712
1691	1702	1690	1701	1680	1713
1692	1703	1691	1702	1681	1714
1693	1704	1692	1703	1682	1715
1694	1705	1693	1704	1683	1716
1695	1706	1694	1705	1684	1717
1696	1707	1695	1706	1685	1718
1708	1720	1933	1945	1732	1957
1709	1721	1708	1720	1697	1733
1710	1722	1709	1721	1698	1734
1711	1723	1710	1722	1699	1735
1712	1724	1711	1723	1700	1736
1713	1725	1712	1724	1701	1737
1714	1726	1713	1725	1702	1738
1715	1727	1714	1726	1703	1739
1716	1728	1715	1727	1704	1740
1717	1729	1716	1728	1705	1741
1718	1730	1717	1729	1706	1742
1719	1731	1718	1730	1707	1743
1732	1745	1957	1970	1758	1983
1733	1746	1732	1745	1720	1759
1734	1747	1733	1746	1721	1760
1735	1748	1734	1747	1722	1761
1736	1749	1735	1748	1723	1762
1737	1750	1736	1749	1724	1763
1738	1751	1737	1750	1725	1764
1739	1752	1738	1751	1726	1765
1740	1753	1739	1752	1727	1766
1741	1754	1740	1753	1728	1767
1742	1755	1741	1754	1729	1768
1743	1756	1742	1755	1730	1769
1744	1757	1743	1756	1731	1770
1758	1772	1983	1997	1786	2011
1759	1773	1758	1772	1745	1787
1760	1774	1759	1773	1746	1788
1761	1775	1760	1774	1747	1789
1762	1776	1761	1775	1748	1790
1763	1777	1762	1776	1749	1791
1764	1778	1763	1777	1750	1792
1765	1779	1764	1778	1751	1793
1766	1780	1765	1779	1752	1794
1767	1781	1766	1780	1753	1795
1768	1782	1767	1781	1754	1796
1769	1783	1768	1782	1755	1797
1770	1784	1769	1783	1756	1798
1771	1785	1770	1784	1757	1799
1786	2011	2251	2476	2701	0
1787	1786	2701	2702	1772	2704
1788	1787	2704	2706	1773	2709
1789	1788	2709	2712	1774	2716
1790	1789	2716	2720	1775	2725
1791	1790	2725	2730	1776	2736
1792	1791	2736	2742	1777	2749
1793	1792	2749	2756	1778	2764
1794	1793	2764	2772	1779	2781
1795	1794	2781	2790	1780	2800
1796	1795	2800	2810	1781	2821
1797	1796	2821	2832	1782	2844
1798	1797	2844	2856	1783	2869
1799	1798	2869	2882	1784	2896
1800	1799	2896	2910	1785	2925
1804	1806	1803	1805	1802	1808
1808	1811	1807	1810	1805	1814
1809	1812	1808	1811	1806	1815
1814	1818	1813	1817	1810	1822
1815	1819	1814	1818	1811	1823
1816	1820	1815	1819	1812	1824
1822	1827	1821	1826	1817	1832
1823	1828	1822	1827	1818	1833
1824	1829	1823	1828	1819	1834
1825	1830	1824	1829	1820	1835
1832	1838	1831	1837	1826	1844
1833	1839	1832	1838	1827	1845
1834	1840	1833	1839	1828	1846
1835	1841	1834	1840	1829	1847
1836	1842	1835	1841	1830	1848
1844	1851	1843	1850	1837	1858
1845	1852	1844	1851	1838	1859
1846	1853	1845	1852	1839	1860
1847	1854	1846	1853	1840	1861
1848	1855	1847	1854	1841	1862
1849	1856	1848	1855	1842	1863
1858	1866	1857	1865	1850	1874
1859	1867	1858	1866	1851	1875
1860	1868	1859	1867	1852	1876
1861	1869	1860	1868	1853	1877
1862	1870	1861	1869	1854	1878
1863	1871	1862	1870	1855	1879
1864	1872	1863	1871	1856	1880
1874	1883	1873	1882	1865	1892
1875	1884	1874	1883	1866	1893
1876	1885	1875	1884	1867	1894
1877	1886	1876	1885	1868	1895
1878	1887	1877	1886	1869	1896
1879	1888	1878	1887	1870	1897
1880	1889	1879	1888	1871	1898
1881	1890	1880	1889	1872	1899
1892	1902	1891	1901	1882	1912
1893	1903	1892	1902	1883	1913
1894	1904	1893	1903	1884	1914
1895	1905	1894	1904	1885	1915
1896	1906	1895	1905	1886	1916
1897	1907	1896	1906	1887	1917
1898	1908	1897	1907	1888	1918
1899	1909	1898	1908	1889	1919
1900	1910	1899	1909	1890	1920
1912	1923	1911	1922	1901	1934
1913	1924	1912	1923	1902	1935
1914	1925	1913	1924	1903	1936
1915	1926	1914	1925	1904	1937
1916	1927	1915	1926	1905	1938
1917	1928	1916	1927	1906	1939
1918	1929	1917	1928	1907	1940
1919	1930	1918	1929	1908	1941
1920	1931	1919	1930	1909	1942
1921	1932	1920	1931	1910	1943
1934	1946	1933	1945	1922	1958
1935	1947	1934	1946	1923	1959
1936	1948	1935	1947	1924	1960
1937	1949	1936	1948	1925	1961
1938	1950	1937	1949	1926	1962
1939	1951	1938	1950	1927	1963
1940	1952	1939	1951	1928	1964
1941	1953	1940	1952	1929	1965
1942	1954	1941	1953	1930	1966
1943	1955	1942	1954	1931	1967
1944	1956	1943	1955	1932	1968
1958	1971	1957	1970	1945	1984
1959	1972	1958	1971	1946	1985
1960	1973	1959	1972	1947	1986
1961	1974	1960	1973	1948	1987
1962	1975	1961	1974	1949	1988
1963	1976	1962	1975	1950	1989
1964	1977	1963	1976	1951	1990
1965	1978	1964	1977	1952	1991
1966	1979	1965	1978	1953	1992
1967	1980	1966	1979	1954	1993
1968	1981	1967	1980	1955	1994
1969	1982	1968	1981	1956	1995
1984	1998	1983	1997	1970	2012
1985	1999	1984	1998	1971	2013
1986	2000	1985	1999	1972	2014
1987	2001	1986	2000	1973	2015
1988	2002	1987	2001	1974	2016
1989	2003	1988	2002	1975	2017
1990	2004	1989	2003	1976	2018
1991	2005	1990	2004	1977	2019
1992	2006	1991	2005	1978	2020
1993	2007	1992	2006	1979	2021
1994	2008	1993	2007	1980	2022
1995	2009	1994	2008	1981	2023
1996	2010	1995	2009	1982	2024
2012	2011	2251	2252	1997	2254
2013	2012	2254	2256	1998	2259
2014	2013	2259	2262	1999	2266
2015	2014	2266	2270	2000	2275
2016	2015	2275	2280	2001	2286
2017	2016	2286	2292	2002	2299
2018	2017	2299	2306	2003	2314
2019	2018	2314	2322	2004	2331
2020	2019	2331	2340	2005	2350
2021	2020	2350	2360	2006	2371
2022	2021	2371	2382	2007	2394
2023	2022	2394	2406	2008	2419
2024	2023	2419	2432	2009	2446
2025	2024	2446	2460	2010	2475
2026	2027	4500	4499	2028	4485
3812	2026	2027	3811	2029	3797
2028	2030	4499	4498	2032	4484
2029	2031	2028	2030	2027	2033
3813	2029	2031	3812	2034	3798
2032	2035	4498	4497	2038	4483
2033	2036	2032	2035	2030	2039
2034	2037	2033	2036	2031	2040
3814	2034	2037	3813	2041	3799
2038	2042	4497	4496	2046	4482
2039	2043	2038	2042	2035	2047
2040	2044	2039	2043	2036	2048
2041	2045	2040	2044	2037	2049
3815	2041	2045	3814	2050	3800
2046	2051	4496	4495	2056	4481
2047	2052	2046	2051	2042	2057
2048	2053	2047	2052	2043	2058
2049	2054	2048	2053	2044	2059
2050	2055	2049	2054	2045	2060
3816	2050	2055	3815	2061	3801
2056	2062	4495	4494	2068	4480
2057	2063	2056	2062	2051	2069
2058	2064	2057	2063	2052	2070
2059	2065	2058	2064	2053	2071
2060	2066	2059	2065	2054	2072
2061	2067	2060	2066	2055	2073
3817	2061	2067	3816	2074	3802
2068	2075	4494	4493	2082	4479
2069	2076	2068	2075	2062	2083
2070	2077	2069	2076	2063	2084
2071	2078	2070	2077	2064	2085
2072	2079	2071	2078	2065	2086
2073	2080	2072	2079	2066	2087
2074	2081	2073	2080	2067	2088
3818	2074	2081	3817	2089	3803
2082	2090	4493	4492	2098	4478
2083	2091	2082	2090	2075	2099
2084	2092	2083	2091	2076	2100
2085	2093	2084	2092	2077	2101
2086	2094	2085	2093	2078	2102
2087	2095	2086	2094	2079	2103
2088	2096	2087	2095	2080	2104
2089	2097	2088	2096	2081	2105
3819	2089	2097	3818	2106	3804
2098	2107	4492	4491	2116	4477
2099	2108	2098	2107	2090	2117
2100	2109	2099	2108	2091	2118
2101	2110	2100	2109	2092	2119
2102	2111	2101	2110	2093	2120
2103	2112	2102	2111	2094	2121
2104	2113	2103	2112	2095	2122
2105	2114	2104	2113	2096	2123
2106	2115	2105	2114	2097	2124
3820	2106	2115	3819	2125	3805
2116	2126	4491	4490	2136	4476
2117	2127	2116	2126	2107	2137
2118	2128	2117	2127	2108	2138
2119	2129	2118	2128	2109	2139
2120	2130	2119	2129	2110	2140
2121	2131	2120	2130	2111	2141
2122	2132	2121	2131	2112	2142
2123	2133	2122	2132	2113	2143
2124	2134	2123	2133	2114	2144
2125	2135	2124	2134	2115	2145
3821	2125	2135	3820	2146	3806
2136	2147	4490	4489	2158	4475
2137	2148	2136	2147	2126	2159
2138	2149	2137	2148	2127	2160
2139	2150	2138	2149	2128	2161
2140	2151	2139	2150	2129	2162
2141	2152	2140	2151	2130	2163
2142	2153	2141	2152	2131	2164
2143	2154	2142	2153	2132	2165
2144	2155	2143	2154	2133	2166
2145	2156	2144	2155	2134	2167
2146	2157	2145	2156	2135	2168
3822	2146	2157	3821	2169	3807
2158	2170	4489	4488	2182	4474
2159	2171	2158	2170	2147	2183
2160	2172	2159	2171	2148	2184
2161	2173	2160	2172	2149	2185
2162	2174	2161	2173	2150	2186
2163	2175	2162	2174	2151	2187
2164	2176	2163	2175	2152	2188
2165	2177	2164	2176	2153	2189
2166	2178	2165	2177	2154	2190
2167	2179	2166	2178	2155	2191
2168	2180	2167	2179	2156	2192
2169	2181	2168	2180	2157	2193
3823	2169	2181	3822	2194	3808
2182	2195	4488	4487	2208	4473
2183	2196	2182	2195	2170	2209
2184	2197	2183	2196	2171	2210
2185	2198	2184	2197	2172	2211
2186	2199	2185	2198	2173	2212
2187	2200	2186	2199	2174	2213
2188	2201	2187	2200	2175	2214
2189	2202	2188	2201	2176	2215
2190	2203	2189	2202	2177	2216
2191	2204	2190	2203	2178	2217
2192	2205	2191	2204	2179	2218
2193	2206	2192	2205	2180	2219
2194	2207	2193	2206	2181	2220
3824	2194	2207	3823	2221	3809
2208	2222	4487	4486	2236	4472
2209	2223	2208	2222	2195	2237
2210	2224	2209	2223	2196	2238
2211	2225	2210	2224	2197	2239
2212	2226	2211	2225	2198	2240
2213	2227	2212	2226	2199	2241
2214	2228	2213	2227	2200	2242
2215	2229	2214	2228	2201	2243
2216	2230	2215	2229	2202	2244
2217	2231	2216	2230	2203	2245
2218	2232	2217	2231	2204	2246
2219	2233	2218	2232	2205	2247
2220	2234	2219	2233	2206	2248
2221	2235	2220	2234	2207	2249
3825	2221	2235	3824	2250	3810
2236	2461	2686	4261	4486	0
2237	2462	2236	2461	2222	2447
2238	2463	2237	2462	2223	2448
2239	2464	2238	2463	2224	2449
2240	2465	2239	2464	2225	2450
2241	2466	2240	2465	2226	2451
2242	2467	2241	2466	2227	2452
2243	2468	2242	2467	2228	2453
2244	2469	2243	2468	2229	2454
2245	2470	2244	2469	2230	2455
2246	2471	2245	2470	2231	2456
2247	2472	2246	2471	2232	2457
2248	2473	2247	2472	2233	2458
2249	2474	2248	2473	2234	2459
2250	2475	2249	2474	2235	2460
2251	2252	2476	2477	2253	2478
2253	2255	2478	2480	2257	2482
2254	2256	2253	2255	2252	2258
2257	2260	2482	2485	2263	2488
2258	2261	2257	2260	2255	2264
2259	2262	2258	2261	2256	2265
2263	2267	2488	2492	2271	2496
2264	2268	2263	2267	2260	2272
2265	2269	2264	2268	2261	2273
2266	2270	2265	2269	2262	2274
2271	2276	2496	2501	2281	2506
2272	2277	2271	2276	2267	2282
2273	2278	2272	2277	2268	2283
2274	2279	2273	2278	2269	2284
2275	2280	2274	2279	2270	2285
2281	2287	2506	2512	2293	2518
2282	2288	2281	2287	2276	2294
2283	2289	2282	2288	2277	2295
2284	2290	2283	2289	2278	2296
2285	2291	2284	2290	2279	2297
2286	2292	2285	2291	2280	2298
2293	2300	2518	2525	2307	2532
2294	2301	2293	2300	2287	2308
2295	2302	2294	2301	2288	2309
2296	2303	2295	2302	2289	2310
2297	2304	2296	2303	2290	2311
2298	2305	2297	2304	2291	2312
2299	2306	2298	2305	2292	2313
2307	2315	2532	2540	2323	2548
2308	2316	2307	2315	2300	2324
2309	2317	2308	2316	2301	2325
2310	2318	2309	2317	2302	2326
2311	2319	2310	2318	2303	2327
2312	2320	2311	2319	2304	2328
2313	2321	2312	2320	2305	2329
2314	2322	2313	2321	2306	2330
2323	2332	2548	2557	2341	2566
2324	2333	2323	2332	2315	2342
2325	2334	2324	2333	2316	2343
2326	2335	2325	2334	2317	2344
2327	2336	2326	2335	2318	2345
2328	2337	2327	2336	2319	2346
2329	2338	2328	2337	2320	2347
2330	2339	2329	2338	2321	2348
2331	2340	2330	2339	2322	2349
2341	2351	2566	2576	2361	2586
2342	2352	2341	2351	2332	2362
2343	2353	2342	2352	2333	2363
2344	2354	2343	2353	2334	2364
2345	2355	2344	2354	2335	2365
2346	2356	2345	2355	2336	2366
2347	2357	2346	2356	2337	2367
2348	2358	2347	2357	2338	2368
2349	2359	2348	2358	2339	2369
2350	2360	2349	2359	2340	2370
2361	2372	2586	2597	2383	2608
2362	2373	2361	2372	2351	2384
2363	2374	2362	2373	2352	2385
2364	2375	2363	2374	2353	2386
2365	2376	2364	2375	2354	2387
2366	2377	2365	2376	2355	2388
2367	2378	2366	2377	2356	2389
2368	2379	2367	2378	2357	2390
2369	2380	2368	2379	2358	2391
2370	2381	2369	2380	2359	2392
2371	2382	2370	2381	2360	2393
2383	2395	2608	2620	2407	2632
2384	2396	2383	2395	2372	2408
2385	2397	2384	2396	2373	2409
2386	2398	2385	2397	2374	2410
2387	2399	2386	2398	2375	2411
2388	2400	2387	2399	2376	2412
2389	2401	2388	2400	2377	2413
2390	2402	2389	2401	2378	2414
2391	2403	2390	2402	2379	2415
2392	2404	2391	2403	2380	2416
2393	2405	2392	2404	2381	2417
2394	2406	2393	2405	2382	2418
2407	2420	2632	2645	2433	2658
2408	2421	2407	2420	2395	2434
2409	2422	2408	2421	2396	2435
2410	2423	2409	2422	2397	2436
2411	2424	2410	2423	2398	2437
2412	2425	2411	2424	2399	2438
2413	2426	2412	2425	2400	2439
2414	2427	2413	2426	2401	2440
2415	2428	2414	2427	2402	2441
2416	2429	2415	2428	2403	2442
2417	2430	2416	2429	2404	2443
2418	2431	2417	2430	2405	2444
2419	2432	2418	2431	2406	2445
2433	2447	2658	2672	2461	2686
2434	2448	2433	2447	2420	2462
2435	2449	2434	2448	2421	2463
2436	2450	2435	2449	2422	2464
2437	2451	2436	2450	2423	2465
2438	2452	2437	2451	2424	2466
2439	2453	2438	2452	2425	2467
2440	2454	2439	2453	2426	2468
2441	2455	2440	2454	2427	2469
2442	2456	2441	2455	2428	2470
2443	2457	2442	2456	2429	2471
2444	2458	2443	2457	2430	2472
2445	2459	2444	2458	2431	2473
2446	2460	2445	2459	2432	2474
2701	2702	2476	2477	2479	2703
2479	2481	2478	2480	2477	2483
2703	2705	2479	2481	2484	2707
2483	2486	2482	2485	2480	2489
2484	2487	2483	2486	2481	2490
2707	2710	2484	2487	2491	2713
2489	2493	2488	2492	2485	2497
2490	2494	2489	2493	2486	2498
2491	2495	2490	2494	2487	2499
2713	2717	2491	2495	2500	2721
2497	2502	2496	2501	2492	2507
2498	2503	2497	2502	2493	2508
2499	2504	2498	2503	2494	2509
2500	2505	2499	2504	2495	2510
2721	2726	2500	2505	2511	2731
2507	2513	2506	2512	2501	2519
2508	2514	2507	2513	2502	2520
2509	2515	2508	2514	2503	2521
2510	2516	2509	2515	2504	2522
2511	2517	2510	2516	2505	2523
2731	2737	2511	2517	2524	2743
2519	2526	2518	2525	2512	2533
2520	2527	2519	2526	2513	2534
2521	2528	2520	2527	2514	2535
2522	2529	2521	2528	2515	2536
2523	2530	2522	2529	2516	2537
2524	2531	2523	2530	2517	2538
2743	2750	2524	2531	2539	2757
2533	2541	2532	2540	2525	2549
2534	2542	2533	2541	2526	2550
2535	2543	2534	2542	2527	2551
2536	2544	2535	2543	2528	2552
2537	2545	2536	2544	2529	2553
2538	2546	2537	2545	2530	2554
2539	2547	2538	2546	2531	2555
2757	2765	2539	2547	2556	2773
2549	2558	2548	2557	2540	2567
2550	2559	2549	2558	2541	2568
2551	2560	2550	2559	2542	2569
2552	2561	2551	2560	2543	2570
2553	2562	2552	2561	2544	2571
2554	2563	2553	2562	2545	2572
2555	2564	2554	2563	2546	2573
2556	2565	2555	2564	2547	2574
2773	2782	2556	2565	2575	2791
2567	2577	2566	2576	2557	2587
2568	2578	2567	2577	2558	2588
2569	2579	2568	2578	2559	2589
2570	2580	2569	2579	2560	2590
2571	2581	2570	2580	2561	2591
2572	2582	2571	2581	2562	2592
2573	2583	2572	2582	2563	2593
2574	2584	2573	2583	2564	2594
2575	2585	2574	2584	2565	2595
2791	2801	2575	2585	2596	2811
2587	2598	2586	2597	2576	2609
2588	2599	2587	2598	2577	2610
2589	2600	2588	2599	2578	2611
2590	2601	2589	2600	2579	2612
2591	2602	2590	2601	2580	2613
2592	2603	2591	2602	2581	2614
2593	2604	2592	2603	2582	2615
2594	2605	2593	2604	2583	2616
2595	2606	2594	2605	2584	2617
2596	2607	2595	2606	2585	2618
2811	2822	2596	2607	2619	2833
2609	2621	2608	2620	2597	2633
2610	2622	2609	2621	2598	2634
2611	2623	2610	2622	2599	2635
2612	2624	2611	2623	2600	2636
2613	2625	2612	2624	2601	2637
2614	2626	2613	2625	2602	2638
2615	2627	2614	2626	2603	2639
2616	2628	2615	2627	2604	2640
2617	2629	2616	2628	2605	2641
2618	2630	2617	2629	2606	2642
2619	2631	2618	2630	2607	2643
2833	2845	2619	2631	2644	2857
2633	2646	2632	2645	2620	2659
2634	2647	2633	2646	2621	2660
2635	2648	2634	2647	2622	2661
2636	2649	2635	2648	2623	2662
2637	2650	2636	2649	2624	2663
2638	2651	2637	2650	2625	2664
2639	2652	2638	2651	2626	2665
2640	2653	2639	2652	2627	2666
2641	2654	2640	2653	2628	2667
2642	2655	2641	2654	2629	2668
2643	2656	2642	2655	2630	2669
2644	2657	2643	2656	2631	2670
2857	2870	2644	2657	2671	2883
2659	2673	2658	2672	2645	2687
2660	2674	2659	2673	2646	2688
2661	2675	2660	2674	2647	2689
2662	2676	2661	2675	2648	2690
2663	2677	2662	2676	2649	2691
2664	2678	2663	2677	2650	2692
2665	2679	2664	2678	2651	2693
2666	2680	2665	2679	2652	2694
2667	2681	2666	2680	2653	2695
2668	2682	2667	2681	2654	2696
2669	2683	2668	2682	2655	2697
2670	2684	2669	2683	2656	2698
2671	2685	2670	2684	2657	2699
2883	2897	2671	2685	2700	2911
2687	4262	2686	4261	2672	4247
2688	4263	2687	4262	2673	4248
2689	4264	2688	4263	2674	4249
2690	4265	2689	4264	2675	4250
2691	4266	2690	4265	2676	4251
2692	4267	2691	4266	2677	4252
2693	4268	2692	4267	2678	4253
2694	4269	2693	4268	2679	4254
2695	4270	2694	4269	2680	4255
2696	4271	2695	4270	2681	4256
2697	4272	2696	4271	2682	4257
2698	4273	2697	4272	2683	4258
2699	4274	2698	4273	2684	4259
2700	4275	2699	4274	2685	4260
2911	2700	4050	4275	2926	0
2704	2706	2703	2705	2702	2708
2708	2711	2707	2710	2705	2714
2709	2712	2708	2711	2706	2715
2714	2718	2713	2717	2710	2722
2715	2719	2714	2718	2711	2723
2716	2720	2715	2719	2712	2724
2722	2727	2721	2726	2717	2732
2723	2728	2722	2727	2718	2733
2724	2729	2723	2728	2719	2734
2725	2730	2724	2729	2720	2735
2732	2738	2731	2737	2726	2744
2733	2739	2732	2738	2727	2745
2734	2740	2733	2739	2728	2746
2735	2741	2734	2740	2729	2747
2736	2742	2735	2741	2730	2748
2744	2751	2743	2750	2737	2758
2745	2752	2744	2751	2738	2759
2746	2753	2745	2752	2739	2760
2747	2754	2746	2753	2740	2761
2748	2755	2747	2754	2741	2762
2749	2756	2748	2755	2742	2763
2758	2766	2757	2765	2750	2774
2759	2767	2758	2766	2751	2775
2760	2768	2759	2767	2752	2776
2761	2769	2760	2768	2753	2777
2762	2770	2761	2769	2754	2778
2763	2771	2762	2770	2755	2779
2764	2772	2763	2771	2756	2780
2774	2783	2773	2782	2765	2792
2775	2784	2774	2783	2766	2793
2776	2785	2775	2784	2767	2794
2777	2786	2776	2785	2768	2795
2778	2787	2777	2786	2769	2796
2779	2788	2778	2787	2770	2797
2780	2789	2779	2788	2771	2798
2781	2790	2780	2789	2772	2799
2792	2802	2791	2801	2782	2812
2793	2803	2792	2802	2783	2813
2794	2804	2793	2803	2784	2814
2795	2805	2794	2804	2785	2815
2796	2806	2795	2805	2786	2816
2797	2807	2796	2806	2787	2817
2798	2808	2797	2807	2788	2818
2799	2809	2798	2808	2789	2819
2800	2810	2799	2809	2790	2820
2812	2823	2811	2822	2801	2834
2813	2824	2812	2823	2802	2835
2814	2825	2813	2824	2803	2836
2815	2826	2814	2825	2804	2837
2816	2827	2815	2826	2805	2838
2817	2828	2816	2827	2806	2839
2818	2829	2817	2828	2807	2840
2819	2830	2818	2829	2808	2841
2820	2831	2819	2830	2809	2842
2821	2832	2820	2831	2810	2843
2834	2846	2833	2845	2822	2858
2835	2847	2834	2846	2823	2859
2836	2848	2835	2847	2824	2860
2837	2849	2836	2848	2825	2861
2838	2850	2837	2849	2826	2862
2839	2851	2838	2850	2827	2863
2840	2852	2839	2851	2828	2864
2841	2853	2840	2852	2829	2865
2842	2854	2841	2853	2830	2866
2843	2855	2842	2854	2831	2867
2844	2856	2843	2855	2832	2868
2858	2871	2857	2870	2845	2884
2859	2872	2858	2871	2846	2885
2860	2873	2859	2872	2847	2886
2861	2874	2860	2873	2848	2887
2862	2875	2861	2874	2849	2888
2863	2876	2862	2875	2850	2889
2864	2877	2863	2876	2851	2890
2865	2878	2864	2877	2852	2891
2866	2879	2865	2878	2853	2892
2867	2880	2866	2879	2854	2893
2868	2881	2867	2880	2855	2894
2869	2882	2868	2881	2856	2895
2884	2898	2883	2897	2870	2912
2885	2899	2884	2898	2871	2913
2886	2900	2885	2899	2872	2914
2887	2901	2886	2900	2873	2915
2888	2902	2887	2901	2874	2916
2889	2903	2888	2902	2875	2917
2890	2904	2889	2903	2876	2918
2891	2905	2890	2904	2877	2919
2892	2906	2891	2905	2878	2920
2893	2907	2892	2906	2879	2921
2894	2908	2893	2907	2880	2922
2895	2909	2894	2908	2881	2923
2896	2910	2895	2909	2882	2924
2912	2926	2927	2911	2897	2928
2913	2928	2930	2912	2898	2932
2914	2932	2935	2913	2899	2938
2915	2938	2942	2914	2900	2946
2916	2946	2951	2915	2901	2956
2917	2956	2962	2916	2902	2968
2918	2968	2975	2917	2903	2982
2919	2982	2990	2918	2904	2998
2920	2998	3007	2919	2905	3016
2921	3016	3026	2920	2906	3036
2922	3036	3047	2921	2907	3058
2923	3058	3070	2922	2908	3082
2924	3082	3095	2923	2909	3108
2925	3108	3122	2924	2910	3136
4050	2926	2927	4049	2929	4035
2929	2931	2928	2930	2927	2933
4049	2929	2931	4048	2934	4034
2933	2936	2932	2935	2930	2939
2934	2937	2933	2936	2931	2940
4048	2934	2937	4047	2941	4033
2939	2943	2938	2942	2935	2947
2940	2944	2939	2943	2936	2948
2941	2945	2940	2944	2937	2949
4047	2941	2945	4046	2950	4032
2947	2952	2946	2951	2942	2957
2948	2953	2947	2952	2943	2958
2949	2954	2948	2953	2944	2959
2950	2955	2949	2954	2945	2960
4046	2950	2955	4045	2961	4031
2957	2963	2956	2962	2951	2969
2958	2964	2957	2963	2952	2970
2959	2965	2958	2964	2953	2971
2960	2966	2959	2965	2954	2972
2961	2967	2960	2966	2955	2973
4045	2961	2967	4044	2974	4030
2969	2976	2968	2975	2962	2983
2970	2977	2969	2976	2963	2984
2971	2978	2970	2977	2964	2985
2972	2979	2971	2978	2965	2986
2973	2980	2972	2979	2966	2987
2974	2981	2973	2980	2967	2988
4044	2974	2981	4043	2989	4029
2983	2991	2982	2990	2975	2999
2984	2992	2983	2991	2976	3000
2985	2993	2984	2992	2977	3001
2986	2994	2985	2993	2978	3002
2987	2995	2986	2994	2979	3003
2988	2996	2987	2995	2980	3004
2989	2997	2988	2996	2981	3005
4043	2989	2997	4042	3006	4028
2999	3008	2998	3007	2990	3017
3000	3009	2999	3008	2991	3018
3001	3010	3000	3009	2992	3019
3002	3011	3001	3010	2993	3020
3003	3012	3002	3011	2994	3021
3004	3013	3003	3012	2995	3022
3005	3014	3004	3013	2996	3023
3006	3015	3005	3014	2997	3024
4042	3006	3015	4041	3025	4027
3017	3027	3016	3026	3007	3037
3018	3028	3017	3027	3008	3038
3019	3029	3018	3028	3009	3039
3020	3030	3019	3029	3010	3040
3021	3031	3020	3030	3011	3041
3022	3032	3021	3031	3012	3042
3023	3033	3022	3032	3013	3043
3024	3034	3023	3033	3014	3044
3025	3035	3024	3034	3015	3045
4041	3025	3035	4040	3046	4026
3037	3048	3036	3047	3026	3059
3038	3049	3037	3048	3027	3060
3039	3050	3038	3049	3028	3061
3040	3051	3039	3050	3029	3062
3041	3052	3040	3051	3030	3063
3042	3053	3041	3052	3031	3064
3043	3054	3042	3053	3032	3065
3044	3055	3043	3054	3033	3066
3045	3056	3044	3055	3034	3067
3046	3057	3045	3056	3035	3068
4040	3046	3057	4039	3069	4025
3059	3071	3058	3070	3047	3083
3060	3072	3059	3071	3048	3084
3061	3073	3060	3072	3049	3085
3062	3074	3061	3073	3050	3086
3063	3075	3062	3074	3051	3087
3064	3076	3063	3075	3052	3088
3065	3077	3064	3076	3053	3089
3066	3078	3065	3077	3054	3090
3067	3079	3066	3078	3055	3091
3068	3080	3067	3079	3056	3092
3069	3081	3068	3080	3057	3093
4039	3069	3081	4038	3094	4024
3083	3096	3082	3095	3070	3109
3084	3097	3083	3096	3071	3110
3085	3098	3084	3097	3072	3111
3086	3099	3085	3098	3073	3112
3087	3100	3086	3099	3074	3113
3088	3101	3087	3100	3075	3114
3089	3102	3088	3101	3076	3115
3090	3103	3089	3102	3077	3116
3091	3104	3090	3103	3078	3117
3092	3105	3091	3104	3079	3118
3093	3106	3092	3105	3080	3119
3094	3107	3093	3106	3081	3120
4038	3094	3107	4037	3121	4023
3109	3123	3108	3122	3095	3137
3110	3124	3109	3123	3096	3138
3111	3125	3110	3124	3097	3139
3112	3126	3111	3125	3098	3140
3113	3127	3112	3126	3099	3141
3114	3128	3113	3127	3100	3142
3115	3129	3114	3128	3101	3143
3116	3130	3115	3129	3102	3144
3117	3131	3116	3130	3103	3145
3118	3132	3117	3131	3104	3146
3119	3133	3118	3132	3105	3147
3120	3134	3119	3133	3106	3148
3121	3135	3120	3134	3107	3149
4037	3121	3135	4036	3150	4022
3137	3362	3136	3361	3122	3347
3138	3363	3137	3362	3123	3348
3139	3364	3138	3363	3124	3349
3140	3365	3139	3364	3125	3350
3141	3366	3140	3365	3126	3351
3142	3367	3141	3366	3127	3352
3143	3368	3142	3367	3128	3353
3144	3369	3143	3368	3129	3354
3145	3370	3144	3369	3130	3355
3146	3371	3145	3370	3131	3356
3147	3372	3146	3371	3132	3357
3148	3373	3147	3372	3133	3358
3149	3374	3148	3373	3134	3359
3150	3375	3149	3374	3135	3360
3600	3151	3152	3599	3154	3585
3154	3156	3153	3155	3152	3158
3599	3154	3156	3598	3159	3584
3158	3161	3157	3160	3155	3164
3159	3162	3158	3161	3156	3165
3598	3159	3162	3597	3166	3583
3164	3168	3163	3167	3160	3172
3165	3169	3164	3168	3161	3173
3166	3170	3165	3169	3162	3174
3597	3166	3170	3596	3175	3582
3172	3177	3171	3176	3167	3182
3173	3178	3172	3177	3168	3183
3174	3179	3173	3178	3169	3184
3175	3180	3174	3179	3170	3185
3596	3175	3180	3595	3186	3581
3182	3188	3181	3187	3176	3194
3183	3189	3182	3188	3177	3195
3184	3190	3183	3189	3178	3196
3185	3191	3184	3190	3179	3197
3186	3192	3185	3191	3180	3198
3595	3186	3192	3594	3199	3580
3194	3201	3193	3200	3187	3208
3195	3202	3194	3201	3188	3209
3196	3203	3195	3202	3189	3210
3197	3204	3196	3203	3190	3211
3198	3205	3197	3204	3191	3212
3199	3206	3198	3205	3192	3213
3594	3199	3206	3593	3214	3579
3208	3216	3207	3215	3200	3224
3209	3217	3208	3216	3201	3225
3210	3218	3209	3217	3202	3226
3211	3219	3210	3218	3203	3227
3212	3220	3211	3219	3204	3228
3213	3221	3212	3220	3205	3229
3214	3222	3213	3221	3206	3230
3593	3214	3222	3592	3231	3578
3224	3233	3223	3232	3215	3242
3225	3234	3224	3233	3216	3243
3226	3235	3225	3234	3217	3244
3227	3236	3226	3235	3218	3245
3228	3237	3227	3236	3219	3246
3229	3238	3228	3237	3220	3247
3230	3239	3229	3238	3221	3248
3231	3240	3230	3239	3222	3249
3592	3231	3240	3591	3250	3577
3242	3252	3241	3251	3232	3262
3243	3253	3242	3252	3233	3263
3244	3254	3243	3253	3234	3264
3245	3255	3244	3254	3235	3265
3246	3256	3245	3255	3236	3266
3247	3257	3246	3256	3237	3267
3248	3258	3247	3257	3238	3268
3249	3259	3248	3258	3239	3269
3250	3260	3249	3259	3240	3270
3591	3250	3260	3590	3271	3576
3262	3273	3261	3272	3251	3284
3263	3274	3262	3273	3252	3285
3264	3275	3263	3274	3253	3286
3265	3276	3264	3275	3254	3287
3266	3277	3265	3276	3255	3288
3267	3278	3266	3277	3256	3289
3268	3279	3267	3278	3257	3290
3269	3280	3268	3279	3258	3291
3270	3281	3269	3280	3259	3292
3271	3282	3270	3281	3260	3293
3590	3271	3282	3589	3294	3575
3284	3296	3283	3295	3272	3308
3285	3297	3284	3296	3273	3309
3286	3298	3285	3297	3274	3310
3287	3299	3286	3298	3275	3311
3288	3300	3287	3299	3276	3312
3289	3301	3288	3300	3277	3313
3290	3302	3289	3301	3278	3314
3291	3303	3290	3302	3279	3315
3292	3304	3291	3303	3280	3316
3293	3305	3292	3304	3281	3317
3294	3306	3293	3305	3282	3318
3589	3294	3306	3588	3319	3574
3308	3321	3307	3320	3295	3334
3309	3322	3308	3321	3296	3335
3310	3323	3309	3322	3297	3336
3311	3324	3310	3323	3298	3337
3312	3325	3311	3324	3299	3338
3313	3326	3312	3325	3300	3339
3314	3327	3313	3326	3301	3340
3315	3328	3314	3327	3302	3341
3316	3329	3315	3328	3303	3342
3317	3330	3316	3329	3304	3343
3318	3331	3317	3330	3305	3344
3319	3332	3318	3331	3306	3345
3588	3319	3332	3587	3346	3573
3334	3348	3333	3347	3320	3362
3335	3349	3334	3348	3321	3363
3336	3350	3335	3349	3322	3364
3337	3351	3336	3350	3323	3365
3338	3352	3337	3351	3324	3366
3339	3353	3338	3352	3325	3367
3340	3354	3339	3353	3326	3368
3341	3355	3340	3354	3327	3369
3342	3356	3341	3355	3328	3370
3343	3357	3342	3356	3329	3371
3344	3358	3343	3357	3330	3372
3345	3359	3344	3358	3331	3373
3346	3360	3345	3359	3332	3374
3587	3346	3360	3586	3375	3572
3379	3381	3378	3380	3377	3383
3383	3386	3382	3385	3380	3389
3384	3387	3383	3386	3381	3390
3389	3393	3388	3392	3385	3397
3390	3394	3389	3393	3386	3398
3391	3395	3390	3394	3387	3399
3397	3402	3396	3401	3392	3407
3398	3403	3397	3402	3393	3408
3399	3404	3398	3403	3394	3409
3400	3405	3399	3404	3395	3410
3407	3413	3406	3412	3401	3419
3408	3414	3407	3413	3402	3420
3409	3415	3408	3414	3403	3421
3410	3416	3409	3415	3404	3422
3411	3417	3410	3416	3405	3423
3419	3426	3418	3425	3412	3433
3420	3427	3419	3426	3413	3434
3421	3428	3420	3427	3414	3435
3422	3429	3421	3428	3415	3436
3423	3430	3422	3429	3416	3437
3424	3431	3423	3430	3417	3438
3433	3441	3432	3440	3425	3449
3434	3442	3433	3441	3426	3450
3435	3443	3434	3442	3427	3451
3436	3444	3435	3443	3428	3452
3437	3445	3436	3444	3429	3453
3438	3446	3437	3445	3430	3454
3439	3447	3438	3446	3431	3455
3449	3458	3448	3457	3440	3467
3450	3459	3449	3458	3441	3468
3451	3460	3450	3459	3442	3469
3452	3461	3451	3460	3443	3470
3453	3462	3452	3461	3444	3471
3454	3463	3453	3462	3445	3472
3455	3464	3454	3463	3446	3473
3456	3465	3455	3464	3447	3474
3467	3477	3466	3476	3457	3487
3468	3478	3467	3477	3458	3488
3469	3479	3468	3478	3459	3489
3470	3480	3469	3479	3460	3490
3471	3481	3470	3480	3461	3491
3472	3482	3471	3481	3462	3492
3473	3483	3472	3482	3463	3493
3474	3484	3473	3483	3464	3494
3475	3485	3474	3484	3465	3495
3487	3498	3486	3497	3476	3509
3488	3499	3487	3498	3477	3510
3489	3500	3488	3499	3478	3511
3490	3501	3489	3500	3479	3512
3491	3502	3490	3501	3480	3513
3492	3503	3491	3502	3481	3514
3493	3504	3492	3503	3482	3515
3494	3505	3493	3504	3483	3516
3495	3506	3494	3505	3484	3517
3496	3507	3495	3506	3485	3518
3509	3521	3508	3520	3497	3533
3510	3522	3509	3521	3498	3534
3511	3523	3510	3522	3499	3535
3512	3524	3511	3523	3500	3536
3513	3525	3512	3524	3501	3537
3514	3526	3513	3525	3502	3538
3515	3527	3514	3526	3503	3539
3516	3528	3515	3527	3504	3540
3517	3529	3516	3528	3505	3541
3518	3530	3517	3529	3506	3542
3519	3531	3518	3530	3507	3543
3533	3546	3532	3545	3520	3559
3534	3547	3533	3546	3521	3560
3535	3548	3534	3547	3522	3561
3536	3549	3535	3548	3523	3562
3537	3550	3536	3549	3524	3563
3538	3551	3537	3550	3525	3564
3539	3552	3538	3551	3526	3565
3540	3553	3539	3552	3527	3566
3541	3554	3540	3553	3528	3567
3542	3555	3541	3554	3529	3568
3543	3556	3542	3555	3530	3569
3544	3557	3543	3556	3531	3570
3559	3573	3558	3572	3545	3587
3560	3574	3559	3573	3546	3588
3561	3575	3560	3574	3547	3589
3562	3576	3561	3575	3548	3590
3563	3577	3562	3576	3549	3591
3564	3578	3563	3577	3550	3592
3565	3579	3564	3578	3551	3593
3566	3580	3565	3579	3552	3594
3567	3581	3566	3580	3553	3595
3568	3582	3567	3581	3554	3596
3569	3583	3568	3582	3555	3597
3570	3584	3569	3583	3556	3598
3571	3585	3570	3584	3557	3599
3604	3606	3603	3605	3602	3608
3608	3611	3607	3610	3605	3614
3609	3612	3608	3611	3606	3615
3614	3618	3613	3617	3610	3622
3615	3619	3614	3618	3611	3623
3616	3620	3615	3619	3612	3624
3622	3627	3621	3626	3617	3632
3623	3628	3622	3627	3618	3633
3624	3629	3623	3628	3619	3634
3625	3630	3624	3629	3620	3635
3632	3638	3631	3637	3626	3644
3633	3639	3632	3638	3627	3645
3634	3640	3633	3639	3628	3646
3635	3641	3634	3640	3629	3647
3636	3642	3635	3641	3630	3648
3644	3651	3643	3650	3637	3658
3645	3652	3644	3651	3638	3659
3646	3653	3645	3652	3639	3660
3647	3654	3646	3653	3640	3661
3648	3655	3647	3654	3641	3662
3649	3656	3648	3655	3642	3663
3658	3666	3657	3665	3650	3674
3659	3667	3658	3666	3651	3675
3660	3668	3659	3667	3652	3676
3661	3669	3660	3668	3653	3677
3662	3670	3661	3669	3654	3678
3663	3671	3662	3670	3655	3679
3664	3672	3663	3671	3656	3680
3674	3683	3673	3682	3665	3692
3675	3684	3674	3683	3666	3693
3676	3685	3675	3684	3667	3694
3677	3686	3676	3685	3668	3695
3678	3687	3677	3686	3669	3696
3679	3688	3678	3687	3670	3697
3680	3689	3679	3688	3671	3698
3681	3690	3680	3689	3672	3699
3692	3702	3691	3701	3682	3712
3693	3703	3692	3702	3683	3713
3694	3704	3693	3703	3684	3714
3695	3705	3694	3704	3685	3715
3696	3706	3695	3705	3686	3716
3697	3707	3696	3706	3687	3717
3698	3708	3697	3707	3688	3718
3699	3709	3698	3708	3689	3719
3700	3710	3699	3709	3690	3720
3712	3723	3711	3722	3701	3734
3713	3724	3712	3723	3702	3735
3714	3725	3713	3724	3703	3736
3715	3726	3714	3725	3704	3737
3716	3727	3715	3726	3705	3738
3717	3728	3716	3727	3706	3739
3718	3729	3717	3728	3707	3740
3719	3730	3718	3729	3708	3741
3720	3731	3719	3730	3709	3742
3721	3732	3720	3731	3710	3743
3734	3746	3733	3745	3722	3758
3735	3747	3734	3746	3723	3759
3736	3748	3735	3747	3724	3760
3737	3749	3736	3748	3725	3761
3738	3750	3737	3749	3726	3762
3739	3751	3738	3750	3727	3763
3740	3752	3739	3751	3728	3764
3741	3753	3740	3752	3729	3765
3742	3754	3741	3753	3730	3766
3743	3755	3742	3754	3731	3767
3744	3756	3743	3755	3732	3768
3758	3771	3757	3770	3745	3784
3759	3772	3758	3771	3746	3785
3760	3773	3759	3772	3747	3786
3761	3774	3760	3773	3748	3787
3762	3775	3761	3774	3749	3788
3763	3776	3762	3775	3750	3789
3764	3777	3763	3776	3751	3790
3765	3778	3764	3777	3752	3791
3766	3779	3765	3778	3753	3792
3767	3780	3766	3779	3754	3793
3768	3781	3767	3780	3755	3794
3769	3782	3768	3781	3756	3795
3784	3798	3783	3797	3770	3812
3785	3799	3784	3798	3771	3813
3786	3800	3785	3799	3772	3814
3787	3801	3786	3800	3773	3815
3788	3802	3787	3801	3774	3816
3789	3803	3788	3802	3775	3817
3790	3804	3789	3803	3776	3818
3791	3805	3790	3804	3777	3819
3792	3806	3791	3805	3778	3820
3793	3807	3792	3806	3779	3821
3794	3808	3793	3807	3780	3822
3795	3809	3794	3808	3781	3823
3796	3810	3795	3809	3782	3824
3826	3827	4051	4052	3829	4054
3829	3831	3828	3830	3827	3833
3829	3831	4054	4056	3834	4059
3833	3836	3832	3835	3830	3839
3834	3837	3833	3836	3831	3840
3834	3837	4059	4062	3841	4066
3839	3843	3838	3842	3835	3847
3840	3844	3839	3843	3836	3848
3841	3845	3840	3844	3837	3849
3841	3845	4066	4070	3850	4075
3847	3852	3846	3851	3842	3857
3848	3853	3847	3852	3843	3858
3849	3854	3848	3853	3844	3859
3850	3855	3849	3854	3845	3860
3850	3855	4075	4080	3861	4086
3857	3863	3856	3862	3851	3869
3858	3864	3857	3863	3852	3870
3859	3865	3858	3864	3853	3871
3860	3866	3859	3865	3854	3872
3861	3867	3860	3866	3855	3873
3861	3867	4086	4092	3874	4099
3869	3876	3868	3875	3862	3883
3870	3877	3869	3876	3863	3884
3871	3878	3870	3877	3864	3885
3872	3879	3871	3878	3865	3886
3873	3880	3872	3879	3866	3887
3874	3881	3873	3880	3867	3888
3874	3881	4099	4106	3889	4114
3883	3891	3882	3890	3875	3899
3884	3892	3883	3891	3876	3900
3885	3893	3884	3892	3877	3901
3886	3894	3885	3893	3878	3902
3887	3895	3886	3894	3879	3903
3888	3896	3887	3895	3880	3904
3889	3897	3888	3896	3881	3905
3889	3897	4114	4122	3906	4131
3899	3908	3898	3907	3890	3917
3900	3909	3899	3908	3891	3918
3901	3910	3900	3909	3892	3919
3902	3911	3901	3910	3893	3920
3903	3912	3902	3911	3894	3921
3904	3913	3903	3912	3895	3922
3905	3914	3904	3913	3896	3923
3906	3915	3905	3914	3897	3924
3906	3915	4131	4140	3925	4150
3917	3927	3916	3926	3907	3937
3918	3928	3917	3927	3908	3938
3919	3929	3918	3928	3909	3939
3920	3930	3919	3929	3910	3940
3921	3931	3920	3930	3911	3941
3922	3932	3921	3931	3912	3942
3923	3933	3922	3932	3913	3943
3924	3934	3923	3933	3914	3944
3925	3935	3924	3934	3915	3945
3925	3935	4150	4160	3946	4171
3937	3948	3936	3947	3926	3959
3938	3949	3937	3948	3927	3960
3939	3950	3938	3949	3928	3961
3940	3951	3939	3950	3929	3962
3941	3952	3940	3951	3930	3963
3942	3953	3941	3952	3931	3964
3943	3954	3942	3953	3932	3965
3944	3955	3943	3954	3933	3966
3945	3956	3944	3955	3934	3967
3946	3957	3945	3956	3935	3968
3946	3957	4171	4182	3969	4194
3959	3971	3958	3970	3947	3983
3960	3972	3959	3971	3948	3984
3961	3973	3960	3972	3949	3985
3962	3974	3961	3973	3950	3986
3963	3975	3962	3974	3951	3987
3964	3976	3963	3975	3952	3988
3965	3977	3964	3976	3953	3989
3966	3978	3965	3977	3954	3990
3967	3979	3966	3978	3955	3991
3968	3980	3967	3979	3956	3992
3969	3981	3968	3980	3957	3993
3969	3981	4194	4206	3994	4219
3983	3996	3982	3995	3970	4009
3984	3997	3983	3996	3971	4010
3985	3998	3984	3997	3972	4011
3986	3999	3985	3998	3973	4012
3987	4000	3986	3999	3974	4013
3988	4001	3987	4000	3975	4014
3989	4002	3988	4001	3976	4015
3990	4003	3989	4002	3977	4016
3991	4004	3990	4003	3978	4017
3992	4005	3991	4004	3979	4018
3993	4006	3992	4005	3980	4019
3994	4007	3993	4006	3981	4020
3994	4007	4219	4232	4021	4246
4009	4023	4008	4022	3995	4037
4010	4024	4009	4023	3996	4038
4011	4025	4010	4024	3997	4039
4012	4026	4011	4025	3998	4040
4013	4027	4012	4026	3999	4041
4014	4028	4013	4027	4000	4042
4015	4029	4014	4028	4001	4043
4016	4030	4015	4029	4002	4044
4017	4031	4016	4030	4003	4045
4018	4032	4017	4031	4004	4046
4019	4033	4018	4032	4005	4047
4020	4034	4019	4033	4006	4048
4021	4035	4020	4034	4007	4049
4021	4035	4246	4260	4050	4275
4051	4052	4276	4277	4053	4278
4053	4055	4278	4280	4057	4282
4054	4056	4053	4055	4052	4058
4057	4060	4282	4285	4063	4288
4058	4061	4057	4060	4055	4064
4059	4062	4058	4061	4056	4065
4063	4067	4288	4292	4071	4296
4064	4068	4063	4067	4060	4072
4065	4069	4064	4068	4061	4073
4066	4070	4065	4069	4062	4074
4071	4076	4296	4301	4081	4306
4072	4077	4071	4076	4067	4082
4073	4078	4072	4077	4068	4083
4074	4079	4073	4078	4069	4084
4075	4080	4074	4079	4070	4085
4081	4087	4306	4312	4093	4318
4082	4088	4081	4087	4076	4094
4083	4089	4082	4088	4077	4095
4084	4090	4083	4089	4078	4096
4085	4091	4084	4090	4079	4097
4086	4092	4085	4091	4080	4098
4093	4100	4318	4325	4107	4332
4094	4101	4093	4100	4087	4108
4095	4102	4094	4101	4088	4109
4096	4103	4095	4102	4089	4110
4097	4104	4096	4103	4090	4111
4098	4105	4097	4104	4091	4112
4099	4106	4098	4105	4092	4113
4107	4115	4332	4340	4123	4348
4108	4116	4107	4115	4100	4124
4109	4117	4108	4116	4101	4125
4110	4118	4109	4117	4102	4126
4111	4119	4110	4118	4103	4127
4112	4120	4111	4119	4104	4128
4113	4121	4112	4120	4105	4129
4114	4122	4113	4121	4106	4130
4123	4132	4348	4357	4141	4366
4124	4133	4123	4132	4115	4142
4125	4134	4124	4133	4116	4143
4126	4135	4125	4134	4117	4144
4127	4136	4126	4135	4118	4145
4128	4137	4127	4136	4119	4146
4129	4138	4128	4137	4120	4147
4130	4139	4129	4138	4121	4148
4131	4140	4130	4139	4122	4149
4141	4151	4366	4376	4161	4386
4142	4152	4141	4151	4132	4162
4143	4153	4142	4152	4133	4163
4144	4154	4143	4153	4134	4164
4145	4155	4144	4154	4135	4165
4146	4156	4145	4155	4136	4166
4147	4157	4146	4156	4137	4167
4148	4158	4147	4157	4138	4168
4149	4159	4148	4158	4139	4169
4150	4160	4149	4159	4140	4170
4161	4172	4386	4397	4183	4408
4162	4173	4161	4172	4151	4184
4163	4174	4162	4173	4152	4185
4164	4175	4163	4174	4153	4186
4165	4176	4164	4175	4154	4187
4166	4177	4165	4176	4155	4188
4167	4178	4166	4177	4156	4189
4168	4179	4167	4178	4157	4190
4169	4180	4168	4179	4158	4191
4170	4181	4169	4180	4159	4192
4171	4182	4170	4181	4160	4193
4183	4195	4408	4420	4207	4432
4184	4196	4183	4195	4172	4208
4185	4197	4184	4196	4173	4209
4186	4198	4185	4197	4174	4210
4187	4199	4186	4198	4175	4211
4188	4200	4187	4199	4176	4212
4189	4201	4188	4200	4177	4213
4190	4202	4189	4201	4178	4214
4191	4203	4190	4202	4179	4215
4192	4204	4191	4203	4180	4216
4193	4205	4192	4204	4181	4217
4194	4206	4193	4205	4182	4218
4207	4220	4432	4445	4233	4458
4208	4221	4207	4220	4195	4234
4209	4222	4208	4221	4196	4235
4210	4223	4209	4222	4197	4236
4211	4224	4210	4223	4198	4237
4212	4225	4211	4224	4199	4238
4213	4226	4212	4225	4200	4239
4214	4227	4213	4226	4201	4240
4215	4228	4214	4227	4202	4241
4216	4229	4215	4228	4203	4242
4217	4230	4216	4229	4204	4243
4218	4231	4217	4230	4205	4244
4219	4232	4218	4231	4206	4245
4233	4247	4458	4472	4261	4486
4234	4248	4233	4247	4220	4262
4235	4249	4234	4248	4221	4263
4236	4250	4235	4249	4222	4264
4237	4251	4236	4250	4223	4265
4238	4252	4237	4251	4224	4266
4239	4253	4238	4252	4225	4267
4240	4254	4239	4253	4226	4268
4241	4255	4240	4254	4227	4269
4242	4256	4241	4255	4228	4270
4243	4257	4242	4256	4229	4271
4244	4258	4243	4257	4230	4272
4245	4259	4244	4258	4231	4273
4246	4260	4245	4259	4232	4274
4279	4281	4278	4280	4277	4283
4283	4286	4282	4285	4280	4289
4284	4287	4283	4286	4281	4290
4289	4293	4288	4292	4285	4297
4290	4294	4289	4293	4286	4298
4291	4295	4290	4294	4287	4299
4297	4302	4296	4301	4292	4307
4298	4303	4297	4302	4293	4308
4299	4304	4298	4303	4294	4309
4300	4305	4299	4304	4295	4310
4307	4313	4306	4312	4301	4319
4308	4314	4307	4313	4302	4320
4309	4315	4308	4314	4303	4321
4310	4316	4309	4315	4304	4322
4311	4317	4310	4316	4305	4323
4319	4326	4318	4325	4312	4333
4320	4327	4319	4326	4313	4334
4321	4328	4320	4327	4314	4335
4322	4329	4321	4328	4315	4336
4323	4330	4322	4329	4316	4337
4324	4331	4323	4330	4317	4338
4333	4341	4332	4340	4325	4349
4334	4342	4333	4341	4326	4350
4335	4343	4334	4342	4327	4351
4336	4344	4335	4343	4328	4352
4337	4345	4336	4344	4329	4353
4338	4346	4337	4345	4330	4354
4339	4347	4338	4346	4331	4355
4349	4358	4348	4357	4340	4367
4350	4359	4349	4358	4341	4368
4351	4360	4350	4359	4342	4369
4352	4361	4351	4360	4343	4370
4353	4362	4352	4361	4344	4371
4354	4363	4353	4362	4345	4372
4355	4364	4354	4363	4346	4373
4356	4365	4355	4364	4347	4374
4367	4377	4366	4376	4357	4387
4368	4378	4367	4377	4358	4388
4369	4379	4368	4378	4359	4389
4370	4380	4369	4379	4360	4390
4371	4381	4370	4380	4361	4391
4372	4382	4371	4381	4362	4392
4373	4383	4372	4382	4363	4393
4374	4384	4373	4383	4364	4394
4375	4385	4374	4384	4365	4395
4387	4398	4386	4397	4376	4409
4388	4399	4387	4398	4377	4410
4389	4400	4388	4399	4378	4411
4390	4401	4389	4400	4379	4412
4391	4402	4390	4401	4380	4413
4392	4403	4391	4402	4381	4414
4393	4404	4392	4403	4382	4415
4394	4405	4393	4404	4383	4416
4395	4406	4394	4405	4384	4417
4396	4407	4395	4406	4385	4418
4409	4421	4408	4420	4397	4433
4410	4422	4409	4421	4398	4434
4411	4423	4410	4422	4399	4435
4412	4424	4411	4423	4400	4436
4413	4425	4412	4424	4401	4437
4414	4426	4413	4425	4402	4438
4415	4427	4414	4426	4403	4439
4416	4428	4415	4427	4404	4440
4417	4429	4416	4428	4405	4441
4418	4430	4417	4429	4406	4442
4419	4431	4418	4430	4407	4443
4433	4446	4432	4445	4420	4459
4434	4447	4433	4446	4421	4460
4435	4448	4434	4447	4422	4461
4436	4449	4435	4448	4423	4462
4437	4450	4436	4449	4424	4463
4438	4451	4437	4450	4425	4464
4439	4452	4438	4451	4426	4465
4440	4453	4439	4452	4427	4466
4441	4454	4440	4453	4428	4467
4442	4455	4441	4454	4429	4468
4443	4456	4442	4455	4430	4469
4444	4457	4443	4456	4431	4470
4459	4473	4458	4472	4445	4487
4460	4474	4459	4473	4446	4488
4461	4475	4460	4474	4447	4489
4462	4476	4461	4475	4448	4490
4463	4477	4462	4476	4449	4491
4464	4478	4463	4477	4450	4492
4465	4479	4464	4478	4451	4493
4466	4480	4465	4479	4452	4494
4467	4481	4466	4480	4453	4495
4468	4482	4467	4481	4454	4496
4469	4483	4468	4482	4455	4497
4470	4484	4469	4483	4456	4498
4471	4485	4470	4484	4457	4499
