2	3	1
2	3	5
4	5	2
5	6	3
4	5	8
5	6	9
7	8	4
8	9	5
9	10	6
7	8	12
8	9	13
9	10	14
11	12	7
12	13	8
13	14	9
14	15	10
11	12	17
12	13	18
13	14	19
14	15	20
16	17	11
17	18	12
18	19	13
19	20	14
20	21	15
16	17	23
17	18	24
18	19	25
19	20	26
20	21	27
22	23	16
23	24	17
24	25	18
25	26	19
26	27	20
27	28	21
22	23	30
23	24	31
24	25	32
25	26	33
26	27	34
27	28	35
29	30	22
30	31	23
31	32	24
32	33	25
33	34	26
34	35	27
35	36	28
29	30	38
30	31	39
31	32	40
32	33	41
33	34	42
34	35	43
35	36	44
37	38	29
38	39	30
39	40	31
40	41	32
41	42	33
42	43	34
43	44	35
44	45	36
37	38	47
38	39	48
39	40	49
40	41	50
41	42	51
42	43	52
43	44	53
44	45	54
46	47	37
47	48	38
48	49	39
49	50	40
50	51	41
51	52	42
52	53	43
53	54	44
54	55	45
46	47	57
47	48	58
48	49	59
49	50	60
50	51	61
51	52	62
52	53	63
53	54	64
54	55	65
56	57	46
57	58	47
58	59	48
59	60	49
60	61	50
61	62	51
62	63	52
63	64	53
64	65	54
65	66	55
56	57	68
57	58	69
58	59	70
59	60	71
60	61	72
61	62	73
62	63	74
63	64	75
64	65	76
65	66	77
67	68	56
68	69	57
69	70	58
70	71	59
71	72	60
72	73	61
73	74	62
74	75	63
75	76	64
76	77	65
77	78	66
67	68	80
68	69	81
69	70	82
70	71	83
71	72	84
72	73	85
73	74	86
74	75	87
75	76	88
76	77	89
77	78	90
79	80	67
80	81	68
81	82	69
82	83	70
83	84	71
84	85	72
85	86	73
86	87	74
87	88	75
88	89	76
89	90	77
90	91	78
79	80	93
80	81	94
81	82	95
82	83	96
83	84	97
84	85	98
85	86	99
86	87	100
87	88	101
88	89	102
89	90	103
90	91	104
92	93	79
93	94	80
94	95	81
95	96	82
96	97	83
97	98	84
98	99	85
99	100	86
100	101	87
101	102	88
102	103	89
103	104	90
104	105	91
92	93	107
93	94	108
94	95	109
95	96	110
96	97	111
97	98	112
98	99	113
99	100	114
100	101	115
101	102	116
102	103	117
103	104	118
104	105	119
106	107	92
107	108	93
108	109	94
109	110	95
110	111	96
111	112	97
112	113	98
113	114	99
114	115	100
115	116	101
116	117	102
117	118	103
118	119	104
119	120	105
106	107	122
107	108	123
108	109	124
109	110	125
110	111	126
111	112	127
112	113	128
113	114	129
114	115	130
115	116	131
116	117	132
117	118	133
118	119	134
119	120	135
121	122	106
122	123	107
123	124	108
124	125	109
125	126	110
126	127	111
127	128	112
128	129	113
129	130	114
130	131	115
131	132	116
132	133	117
133	134	118
134	135	119
135	136	120
2	137	1
2	137	138
4	138	2
138	139	137
4	138	140
138	139	141
7	140	4
140	141	138
141	142	139
7	140	143
140	141	144
141	142	145
11	143	7
143	144	140
144	145	141
145	146	142
11	143	147
143	144	148
144	145	149
145	146	150
16	147	11
147	148	143
148	149	144
149	150	145
150	151	146
16	147	152
147	148	153
148	149	154
149	150	155
150	151	156
22	152	16
152	153	147
153	154	148
154	155	149
155	156	150
156	157	151
22	152	158
152	153	159
153	154	160
154	155	161
155	156	162
156	157	163
29	158	22
158	159	152
159	160	153
160	161	154
161	162	155
162	163	156
163	164	157
29	158	165
158	159	166
159	160	167
160	161	168
161	162	169
162	163	170
163	164	171
37	165	29
165	166	158
166	167	159
167	168	160
168	169	161
169	170	162
170	171	163
171	172	164
37	165	173
165	166	174
166	167	175
167	168	176
168	169	177
169	170	178
170	171	179
171	172	180
46	173	37
173	174	165
174	175	166
175	176	167
176	177	168
177	178	169
178	179	170
179	180	171
180	181	172
46	173	182
173	174	183
174	175	184
175	176	185
176	177	186
177	178	187
178	179	188
179	180	189
180	181	190
56	182	46
182	183	173
183	184	174
184	185	175
185	186	176
186	187	177
187	188	178
188	189	179
189	190	180
190	191	181
56	182	192
182	183	193
183	184	194
184	185	195
185	186	196
186	187	197
187	188	198
188	189	199
189	190	200
190	191	201
67	192	56
192	193	182
193	194	183
194	195	184
195	196	185
196	197	186
197	198	187
198	199	188
199	200	189
200	201	190
201	202	191
67	192	203
192	193	204
193	194	205
194	195	206
195	196	207
196	197	208
197	198	209
198	199	210
199	200	211
200	201	212
201	202	213
79	203	67
203	204	192
204	205	193
205	206	194
206	207	195
207	208	196
208	209	197
209	210	198
210	211	199
211	212	200
212	213	201
213	214	202
79	203	215
203	204	216
204	205	217
205	206	218
206	207	219
207	208	220
208	209	221
209	210	222
210	211	223
211	212	224
212	213	225
213	214	226
92	215	79
215	216	203
216	217	204
217	218	205
218	219	206
219	220	207
220	221	208
221	222	209
222	223	210
223	224	211
224	225	212
225	226	213
226	227	214
92	215	228
215	216	229
216	217	230
217	218	231
218	219	232
219	220	233
220	221	234
221	222	235
222	223	236
223	224	237
224	225	238
225	226	239
226	227	240
106	228	92
228	229	215
229	230	216
230	231	217
231	232	218
232	233	219
233	234	220
234	235	221
235	236	222
236	237	223
237	238	224
238	239	225
239	240	226
240	241	227
106	228	242
228	229	243
229	230	244
230	231	245
231	232	246
232	233	247
233	234	248
234	235	249
235	236	250
236	237	251
237	238	252
238	239	253
239	240	254
240	241	255
121	242	106
242	243	228
243	244	229
244	245	230
245	246	231
246	247	232
247	248	233
248	249	234
249	250	235
250	251	236
251	252	237
252	253	238
253	254	239
254	255	240
255	256	241
257	258	1
257	258	260
259	260	257
260	261	258
259	260	263
260	261	264
262	263	259
263	264	260
264	265	261
262	263	267
263	264	268
264	265	269
266	267	262
267	268	263
268	269	264
269	270	265
266	267	272
267	268	273
268	269	274
269	270	275
271	272	266
272	273	267
273	274	268
274	275	269
275	276	270
271	272	278
272	273	279
273	274	280
274	275	281
275	276	282
277	278	271
278	279	272
279	280	273
280	281	274
281	282	275
282	283	276
277	278	285
278	279	286
279	280	287
280	281	288
281	282	289
282	283	290
284	285	277
285	286	278
286	287	279
287	288	280
288	289	281
289	290	282
290	291	283
284	285	293
285	286	294
286	287	295
287	288	296
288	289	297
289	290	298
290	291	299
292	293	284
293	294	285
294	295	286
295	296	287
296	297	288
297	298	289
298	299	290
299	300	291
292	293	302
293	294	303
294	295	304
295	296	305
296	297	306
297	298	307
298	299	308
299	300	309
301	302	292
302	303	293
303	304	294
304	305	295
305	306	296
306	307	297
307	308	298
308	309	299
309	310	300
301	302	312
302	303	313
303	304	314
304	305	315
305	306	316
306	307	317
307	308	318
308	309	319
309	310	320
311	312	301
312	313	302
313	314	303
314	315	304
315	316	305
316	317	306
317	318	307
318	319	308
319	320	309
320	321	310
311	312	323
312	313	324
313	314	325
314	315	326
315	316	327
316	317	328
317	318	329
318	319	330
319	320	331
320	321	332
322	323	311
323	324	312
324	325	313
325	326	314
326	327	315
327	328	316
328	329	317
329	330	318
330	331	319
331	332	320
332	333	321
322	323	335
323	324	336
324	325	337
325	326	338
326	327	339
327	328	340
328	329	341
329	330	342
330	331	343
331	332	344
332	333	345
334	335	322
335	336	323
336	337	324
337	338	325
338	339	326
339	340	327
340	341	328
341	342	329
342	343	330
343	344	331
344	345	332
345	346	333
334	335	348
335	336	349
336	337	350
337	338	351
338	339	352
339	340	353
340	341	354
341	342	355
342	343	356
343	344	357
344	345	358
345	346	359
347	348	334
348	349	335
349	350	336
350	351	337
351	352	338
352	353	339
353	354	340
354	355	341
355	356	342
356	357	343
357	358	344
358	359	345
359	360	346
347	348	362
348	349	363
349	350	364
350	351	365
351	352	366
352	353	367
353	354	368
354	355	369
355	356	370
356	357	371
357	358	372
358	359	373
359	360	374
361	362	347
362	363	348
363	364	349
364	365	350
365	366	351
366	367	352
367	368	353
368	369	354
369	370	355
370	371	356
371	372	357
372	373	358
373	374	359
374	375	360
361	362	377
362	363	378
363	364	379
364	365	380
365	366	381
366	367	382
367	368	383
368	369	384
369	370	385
370	371	386
371	372	387
372	373	388
373	374	389
374	375	390
376	377	361
377	378	362
378	379	363
379	380	364
380	381	365
381	382	366
382	383	367
383	384	368
384	385	369
385	386	370
386	387	371
387	388	372
388	389	373
389	390	374
390	391	375
258	137	1
258	137	392
261	392	258
392	139	137
261	392	393
392	139	394
265	393	261
393	394	392
394	142	139
265	393	395
393	394	396
394	142	397
270	395	265
395	396	393
396	397	394
397	146	142
270	395	398
395	396	399
396	397	400
397	146	401
276	398	270
398	399	395
399	400	396
400	401	397
401	151	146
276	398	402
398	399	403
399	400	404
400	401	405
401	151	406
283	402	276
402	403	398
403	404	399
404	405	400
405	406	401
406	157	151
283	402	407
402	403	408
403	404	409
404	405	410
405	406	411
406	157	412
291	407	283
407	408	402
408	409	403
409	410	404
410	411	405
411	412	406
412	164	157
291	407	413
407	408	414
408	409	415
409	410	416
410	411	417
411	412	418
412	164	419
300	413	291
413	414	407
414	415	408
415	416	409
416	417	410
417	418	411
418	419	412
419	172	164
300	413	420
413	414	421
414	415	422
415	416	423
416	417	424
417	418	425
418	419	426
419	172	427
310	420	300
420	421	413
421	422	414
422	423	415
423	424	416
424	425	417
425	426	418
426	427	419
427	181	172
310	420	428
420	421	429
421	422	430
422	423	431
423	424	432
424	425	433
425	426	434
426	427	435
427	181	436
321	428	310
428	429	420
429	430	421
430	431	422
431	432	423
432	433	424
433	434	425
434	435	426
435	436	427
436	191	181
321	428	437
428	429	438
429	430	439
430	431	440
431	432	441
432	433	442
433	434	443
434	435	444
435	436	445
436	191	446
333	437	321
437	438	428
438	439	429
439	440	430
440	441	431
441	442	432
442	443	433
443	444	434
444	445	435
445	446	436
446	202	191
333	437	447
437	438	448
438	439	449
439	440	450
440	441	451
441	442	452
442	443	453
443	444	454
444	445	455
445	446	456
446	202	457
346	447	333
447	448	437
448	449	438
449	450	439
450	451	440
451	452	441
452	453	442
453	454	443
454	455	444
455	456	445
456	457	446
457	214	202
346	447	458
447	448	459
448	449	460
449	450	461
450	451	462
451	452	463
452	453	464
453	454	465
454	455	466
455	456	467
456	457	468
457	214	469
360	458	346
458	459	447
459	460	448
460	461	449
461	462	450
462	463	451
463	464	452
464	465	453
465	466	454
466	467	455
467	468	456
468	469	457
469	227	214
360	458	470
458	459	471
459	460	472
460	461	473
461	462	474
462	463	475
463	464	476
464	465	477
465	466	478
466	467	479
467	468	480
468	469	481
469	227	482
375	470	360
470	471	458
471	472	459
472	473	460
473	474	461
474	475	462
475	476	463
476	477	464
477	478	465
478	479	466
479	480	467
480	481	468
481	482	469
482	241	227
375	470	483
470	471	484
471	472	485
472	473	486
473	474	487
474	475	488
475	476	489
476	477	490
477	478	491
478	479	492
479	480	493
480	481	494
481	482	495
482	241	496
391	483	375
483	484	470
484	485	471
485	486	472
486	487	473
487	488	474
488	489	475
489	490	476
490	491	477
491	492	478
492	493	479
493	494	480
494	495	481
495	496	482
496	256	241
498	499	497
498	499	501
500	501	498
501	502	499
500	501	504
501	502	505
503	504	500
504	505	501
505	506	502
503	504	508
504	505	509
505	506	510
507	508	503
508	509	504
509	510	505
510	511	506
507	508	513
508	509	514
509	510	515
510	511	516
512	513	507
513	514	508
514	515	509
515	516	510
516	517	511
512	513	519
513	514	520
514	515	521
515	516	522
516	517	523
518	519	512
519	520	513
520	521	514
521	522	515
522	523	516
523	524	517
518	519	526
519	520	527
520	521	528
521	522	529
522	523	530
523	524	531
525	526	518
526	527	519
527	528	520
528	529	521
529	530	522
530	531	523
531	532	524
525	526	534
526	527	535
527	528	536
528	529	537
529	530	538
530	531	539
531	532	540
533	534	525
534	535	526
535	536	527
536	537	528
537	538	529
538	539	530
539	540	531
540	541	532
533	534	543
534	535	544
535	536	545
536	537	546
537	538	547
538	539	548
539	540	549
540	541	550
542	543	533
543	544	534
544	545	535
545	546	536
546	547	537
547	548	538
548	549	539
549	550	540
550	551	541
542	543	553
543	544	554
544	545	555
545	546	556
546	547	557
547	548	558
548	549	559
549	550	560
550	551	561
552	553	542
553	554	543
554	555	544
555	556	545
556	557	546
557	558	547
558	559	548
559	560	549
560	561	550
561	562	551
552	553	564
553	554	565
554	555	566
555	556	567
556	557	568
557	558	569
558	559	570
559	560	571
560	561	572
561	562	573
563	564	552
564	565	553
565	566	554
566	567	555
567	568	556
568	569	557
569	570	558
570	571	559
571	572	560
572	573	561
573	574	562
563	564	576
564	565	577
565	566	578
566	567	579
567	568	580
568	569	581
569	570	582
570	571	583
571	572	584
572	573	585
573	574	586
575	576	563
576	577	564
577	578	565
578	579	566
579	580	567
580	581	568
581	582	569
582	583	570
583	584	571
584	585	572
585	586	573
586	587	574
575	576	589
576	577	590
577	578	591
578	579	592
579	580	593
580	581	594
581	582	595
582	583	596
583	584	597
584	585	598
585	586	599
586	587	600
588	589	575
589	590	576
590	591	577
591	592	578
592	593	579
593	594	580
594	595	581
595	596	582
596	597	583
597	598	584
598	599	585
599	600	586
600	601	587
588	589	603
589	590	604
590	591	605
591	592	606
592	593	607
593	594	608
594	595	609
595	596	610
596	597	611
597	598	612
598	599	613
599	600	614
600	601	615
602	603	588
603	604	589
604	605	590
605	606	591
606	607	592
607	608	593
608	609	594
609	610	595
610	611	596
611	612	597
612	613	598
613	614	599
614	615	600
615	616	601
602	603	377
603	604	378
604	605	379
605	606	380
606	607	381
607	608	382
608	609	383
609	610	384
610	611	385
611	612	386
612	613	387
613	614	388
614	615	389
615	616	390
376	377	602
377	378	603
378	379	604
379	380	605
380	381	606
381	382	607
382	383	608
383	384	609
384	385	610
385	386	611
386	387	612
387	388	613
388	389	614
389	390	615
390	391	616
617	499	497
617	499	619
618	619	617
619	502	499
618	619	621
619	502	622
620	621	618
621	622	619
622	506	502
620	621	624
621	622	625
622	506	626
623	624	620
624	625	621
625	626	622
626	511	506
623	624	628
624	625	629
625	626	630
626	511	631
627	628	623
628	629	624
629	630	625
630	631	626
631	517	511
627	628	633
628	629	634
629	630	635
630	631	636
631	517	637
632	633	627
633	634	628
634	635	629
635	636	630
636	637	631
637	524	517
632	633	639
633	634	640
634	635	641
635	636	642
636	637	643
637	524	644
638	639	632
639	640	633
640	641	634
641	642	635
642	643	636
643	644	637
644	532	524
638	639	646
639	640	647
640	641	648
641	642	649
642	643	650
643	644	651
644	532	652
645	646	638
646	647	639
647	648	640
648	649	641
649	650	642
650	651	643
651	652	644
652	541	532
645	646	654
646	647	655
647	648	656
648	649	657
649	650	658
650	651	659
651	652	660
652	541	661
653	654	645
654	655	646
655	656	647
656	657	648
657	658	649
658	659	650
659	660	651
660	661	652
661	551	541
653	654	663
654	655	664
655	656	665
656	657	666
657	658	667
658	659	668
659	660	669
660	661	670
661	551	671
662	663	653
663	664	654
664	665	655
665	666	656
666	667	657
667	668	658
668	669	659
669	670	660
670	671	661
671	562	551
662	663	673
663	664	674
664	665	675
665	666	676
666	667	677
667	668	678
668	669	679
669	670	680
670	671	681
671	562	682
672	673	662
673	674	663
674	675	664
675	676	665
676	677	666
677	678	667
678	679	668
679	680	669
680	681	670
681	682	671
682	574	562
672	673	684
673	674	685
674	675	686
675	676	687
676	677	688
677	678	689
678	679	690
679	680	691
680	681	692
681	682	693
682	574	694
683	684	672
684	685	673
685	686	674
686	687	675
687	688	676
688	689	677
689	690	678
690	691	679
691	692	680
692	693	681
693	694	682
694	587	574
683	684	696
684	685	697
685	686	698
686	687	699
687	688	700
688	689	701
689	690	702
690	691	703
691	692	704
692	693	705
693	694	706
694	587	707
695	696	683
696	697	684
697	698	685
698	699	686
699	700	687
700	701	688
701	702	689
702	703	690
703	704	691
704	705	692
705	706	693
706	707	694
707	601	587
695	696	709
696	697	710
697	698	711
698	699	712
699	700	713
700	701	714
701	702	715
702	703	716
703	704	717
704	705	718
705	706	719
706	707	720
707	601	721
708	709	695
709	710	696
710	711	697
711	712	698
712	713	699
713	714	700
714	715	701
715	716	702
716	717	703
717	718	704
718	719	705
719	720	706
720	721	707
721	616	601
708	709	723
709	710	724
710	711	725
711	712	726
712	713	727
713	714	728
714	715	729
715	716	730
716	717	731
717	718	732
718	719	733
719	720	734
720	721	735
721	616	736
722	723	708
723	724	709
724	725	710
725	726	711
726	727	712
727	728	713
728	729	714
729	730	715
730	731	716
731	732	717
732	733	718
733	734	719
734	735	720
735	736	721
736	391	616
498	737	497
498	737	738
500	738	498
738	739	737
500	738	740
738	739	741
503	740	500
740	741	738
741	742	739
503	740	743
740	741	744
741	742	745
507	743	503
743	744	740
744	745	741
745	746	742
507	743	747
743	744	748
744	745	749
745	746	750
512	747	507
747	748	743
748	749	744
749	750	745
750	751	746
512	747	752
747	748	753
748	749	754
749	750	755
750	751	756
518	752	512
752	753	747
753	754	748
754	755	749
755	756	750
756	757	751
518	752	758
752	753	759
753	754	760
754	755	761
755	756	762
756	757	763
525	758	518
758	759	752
759	760	753
760	761	754
761	762	755
762	763	756
763	764	757
525	758	765
758	759	766
759	760	767
760	761	768
761	762	769
762	763	770
763	764	771
533	765	525
765	766	758
766	767	759
767	768	760
768	769	761
769	770	762
770	771	763
771	772	764
533	765	773
765	766	774
766	767	775
767	768	776
768	769	777
769	770	778
770	771	779
771	772	780
542	773	533
773	774	765
774	775	766
775	776	767
776	777	768
777	778	769
778	779	770
779	780	771
780	781	772
542	773	782
773	774	783
774	775	784
775	776	785
776	777	786
777	778	787
778	779	788
779	780	789
780	781	790
552	782	542
782	783	773
783	784	774
784	785	775
785	786	776
786	787	777
787	788	778
788	789	779
789	790	780
790	791	781
552	782	792
782	783	793
783	784	794
784	785	795
785	786	796
786	787	797
787	788	798
788	789	799
789	790	800
790	791	801
563	792	552
792	793	782
793	794	783
794	795	784
795	796	785
796	797	786
797	798	787
798	799	788
799	800	789
800	801	790
801	802	791
563	792	803
792	793	804
793	794	805
794	795	806
795	796	807
796	797	808
797	798	809
798	799	810
799	800	811
800	801	812
801	802	813
575	803	563
803	804	792
804	805	793
805	806	794
806	807	795
807	808	796
808	809	797
809	810	798
810	811	799
811	812	800
812	813	801
813	814	802
575	803	815
803	804	816
804	805	817
805	806	818
806	807	819
807	808	820
808	809	821
809	810	822
810	811	823
811	812	824
812	813	825
813	814	826
588	815	575
815	816	803
816	817	804
817	818	805
818	819	806
819	820	807
820	821	808
821	822	809
822	823	810
823	824	811
824	825	812
825	826	813
826	827	814
588	815	828
815	816	829
816	817	830
817	818	831
818	819	832
819	820	833
820	821	834
821	822	835
822	823	836
823	824	837
824	825	838
825	826	839
826	827	840
602	828	588
828	829	815
829	830	816
830	831	817
831	832	818
832	833	819
833	834	820
834	835	821
835	836	822
836	837	823
837	838	824
838	839	825
839	840	826
840	841	827
602	828	842
828	829	843
829	830	844
830	831	845
831	832	846
832	833	847
833	834	848
834	835	849
835	836	850
836	837	851
837	838	852
838	839	853
839	840	854
840	841	855
376	842	602
842	843	828
843	844	829
844	845	830
845	846	831
846	847	832
847	848	833
848	849	834
849	850	835
850	851	836
851	852	837
852	853	838
853	854	839
854	855	840
855	856	841
857	737	497
857	737	859
858	859	857
859	739	737
858	859	861
859	739	862
860	861	858
861	862	859
862	742	739
860	861	864
861	862	865
862	742	866
863	864	860
864	865	861
865	866	862
866	746	742
863	864	868
864	865	869
865	866	870
866	746	871
867	868	863
868	869	864
869	870	865
870	871	866
871	751	746
867	868	873
868	869	874
869	870	875
870	871	876
871	751	877
872	873	867
873	874	868
874	875	869
875	876	870
876	877	871
877	757	751
872	873	879
873	874	880
874	875	881
875	876	882
876	877	883
877	757	884
878	879	872
879	880	873
880	881	874
881	882	875
882	883	876
883	884	877
884	764	757
878	879	886
879	880	887
880	881	888
881	882	889
882	883	890
883	884	891
884	764	892
885	886	878
886	887	879
887	888	880
888	889	881
889	890	882
890	891	883
891	892	884
892	772	764
885	886	894
886	887	895
887	888	896
888	889	897
889	890	898
890	891	899
891	892	900
892	772	901
893	894	885
894	895	886
895	896	887
896	897	888
897	898	889
898	899	890
899	900	891
900	901	892
901	781	772
893	894	903
894	895	904
895	896	905
896	897	906
897	898	907
898	899	908
899	900	909
900	901	910
901	781	911
902	903	893
903	904	894
904	905	895
905	906	896
906	907	897
907	908	898
908	909	899
909	910	900
910	911	901
911	791	781
902	903	913
903	904	914
904	905	915
905	906	916
906	907	917
907	908	918
908	909	919
909	910	920
910	911	921
911	791	922
912	913	902
913	914	903
914	915	904
915	916	905
916	917	906
917	918	907
918	919	908
919	920	909
920	921	910
921	922	911
922	802	791
912	913	924
913	914	925
914	915	926
915	916	927
916	917	928
917	918	929
918	919	930
919	920	931
920	921	932
921	922	933
922	802	934
923	924	912
924	925	913
925	926	914
926	927	915
927	928	916
928	929	917
929	930	918
930	931	919
931	932	920
932	933	921
933	934	922
934	814	802
923	924	936
924	925	937
925	926	938
926	927	939
927	928	940
928	929	941
929	930	942
930	931	943
931	932	944
932	933	945
933	934	946
934	814	947
935	936	923
936	937	924
937	938	925
938	939	926
939	940	927
940	941	928
941	942	929
942	943	930
943	944	931
944	945	932
945	946	933
946	947	934
947	827	814
935	936	949
936	937	950
937	938	951
938	939	952
939	940	953
940	941	954
941	942	955
942	943	956
943	944	957
944	945	958
945	946	959
946	947	960
947	827	961
948	949	935
949	950	936
950	951	937
951	952	938
952	953	939
953	954	940
954	955	941
955	956	942
956	957	943
957	958	944
958	959	945
959	960	946
960	961	947
961	841	827
948	949	963
949	950	964
950	951	965
951	952	966
952	953	967
953	954	968
954	955	969
955	956	970
956	957	971
957	958	972
958	959	973
959	960	974
960	961	975
961	841	976
962	963	948
963	964	949
964	965	950
965	966	951
966	967	952
967	968	953
968	969	954
969	970	955
970	971	956
971	972	957
972	973	958
973	974	959
974	975	960
975	976	961
976	856	841
857	617	497
857	617	977
858	977	857
977	618	617
858	977	978
977	618	979
860	978	858
978	979	977
979	620	618
860	978	980
978	979	981
979	620	982
863	980	860
980	981	978
981	982	979
982	623	620
863	980	983
980	981	984
981	982	985
982	623	986
867	983	863
983	984	980
984	985	981
985	986	982
986	627	623
867	983	987
983	984	988
984	985	989
985	986	990
986	627	991
872	987	867
987	988	983
988	989	984
989	990	985
990	991	986
991	632	627
872	987	992
987	988	993
988	989	994
989	990	995
990	991	996
991	632	997
878	992	872
992	993	987
993	994	988
994	995	989
995	996	990
996	997	991
997	638	632
878	992	998
992	993	999
993	994	1000
994	995	1001
995	996	1002
996	997	1003
997	638	1004
885	998	878
998	999	992
999	1000	993
1000	1001	994
1001	1002	995
1002	1003	996
1003	1004	997
1004	645	638
885	998	1005
998	999	1006
999	1000	1007
1000	1001	1008
1001	1002	1009
1002	1003	1010
1003	1004	1011
1004	645	1012
893	1005	885
1005	1006	998
1006	1007	999
1007	1008	1000
1008	1009	1001
1009	1010	1002
1010	1011	1003
1011	1012	1004
1012	653	645
893	1005	1013
1005	1006	1014
1006	1007	1015
1007	1008	1016
1008	1009	1017
1009	1010	1018
1010	1011	1019
1011	1012	1020
1012	653	1021
902	1013	893
1013	1014	1005
1014	1015	1006
1015	1016	1007
1016	1017	1008
1017	1018	1009
1018	1019	1010
1019	1020	1011
1020	1021	1012
1021	662	653
902	1013	1022
1013	1014	1023
1014	1015	1024
1015	1016	1025
1016	1017	1026
1017	1018	1027
1018	1019	1028
1019	1020	1029
1020	1021	1030
1021	662	1031
912	1022	902
1022	1023	1013
1023	1024	1014
1024	1025	1015
1025	1026	1016
1026	1027	1017
1027	1028	1018
1028	1029	1019
1029	1030	1020
1030	1031	1021
1031	672	662
912	1022	1032
1022	1023	1033
1023	1024	1034
1024	1025	1035
1025	1026	1036
1026	1027	1037
1027	1028	1038
1028	1029	1039
1029	1030	1040
1030	1031	1041
1031	672	1042
923	1032	912
1032	1033	1022
1033	1034	1023
1034	1035	1024
1035	1036	1025
1036	1037	1026
1037	1038	1027
1038	1039	1028
1039	1040	1029
1040	1041	1030
1041	1042	1031
1042	683	672
923	1032	1043
1032	1033	1044
1033	1034	1045
1034	1035	1046
1035	1036	1047
1036	1037	1048
1037	1038	1049
1038	1039	1050
1039	1040	1051
1040	1041	1052
1041	1042	1053
1042	683	1054
935	1043	923
1043	1044	1032
1044	1045	1033
1045	1046	1034
1046	1047	1035
1047	1048	1036
1048	1049	1037
1049	1050	1038
1050	1051	1039
1051	1052	1040
1052	1053	1041
1053	1054	1042
1054	695	683
935	1043	1055
1043	1044	1056
1044	1045	1057
1045	1046	1058
1046	1047	1059
1047	1048	1060
1048	1049	1061
1049	1050	1062
1050	1051	1063
1051	1052	1064
1052	1053	1065
1053	1054	1066
1054	695	1067
948	1055	935
1055	1056	1043
1056	1057	1044
1057	1058	1045
1058	1059	1046
1059	1060	1047
1060	1061	1048
1061	1062	1049
1062	1063	1050
1063	1064	1051
1064	1065	1052
1065	1066	1053
1066	1067	1054
1067	708	695
948	1055	1068
1055	1056	1069
1056	1057	1070
1057	1058	1071
1058	1059	1072
1059	1060	1073
1060	1061	1074
1061	1062	1075
1062	1063	1076
1063	1064	1077
1064	1065	1078
1065	1066	1079
1066	1067	1080
1067	708	1081
962	1068	948
1068	1069	1055
1069	1070	1056
1070	1071	1057
1071	1072	1058
1072	1073	1059
1073	1074	1060
1074	1075	1061
1075	1076	1062
1076	1077	1063
1077	1078	1064
1078	1079	1065
1079	1080	1066
1080	1081	1067
1081	722	708
1082	1083	256
1082	1083	1085
1084	1085	1082
1085	1086	1083
1084	1085	1088
1085	1086	1089
1087	1088	1084
1088	1089	1085
1089	1090	1086
1087	1088	1092
1088	1089	1093
1089	1090	1094
1091	1092	1087
1092	1093	1088
1093	1094	1089
1094	1095	1090
1091	1092	1097
1092	1093	1098
1093	1094	1099
1094	1095	1100
1096	1097	1091
1097	1098	1092
1098	1099	1093
1099	1100	1094
1100	1101	1095
1096	1097	1103
1097	1098	1104
1098	1099	1105
1099	1100	1106
1100	1101	1107
1102	1103	1096
1103	1104	1097
1104	1105	1098
1105	1106	1099
1106	1107	1100
1107	1108	1101
1102	1103	1110
1103	1104	1111
1104	1105	1112
1105	1106	1113
1106	1107	1114
1107	1108	1115
1109	1110	1102
1110	1111	1103
1111	1112	1104
1112	1113	1105
1113	1114	1106
1114	1115	1107
1115	1116	1108
1109	1110	1118
1110	1111	1119
1111	1112	1120
1112	1113	1121
1113	1114	1122
1114	1115	1123
1115	1116	1124
1117	1118	1109
1118	1119	1110
1119	1120	1111
1120	1121	1112
1121	1122	1113
1122	1123	1114
1123	1124	1115
1124	1125	1116
1117	1118	1127
1118	1119	1128
1119	1120	1129
1120	1121	1130
1121	1122	1131
1122	1123	1132
1123	1124	1133
1124	1125	1134
1126	1127	1117
1127	1128	1118
1128	1129	1119
1129	1130	1120
1130	1131	1121
1131	1132	1122
1132	1133	1123
1133	1134	1124
1134	1135	1125
1126	1127	1137
1127	1128	1138
1128	1129	1139
1129	1130	1140
1130	1131	1141
1131	1132	1142
1132	1133	1143
1133	1134	1144
1134	1135	1145
1136	1137	1126
1137	1138	1127
1138	1139	1128
1139	1140	1129
1140	1141	1130
1141	1142	1131
1142	1143	1132
1143	1144	1133
1144	1145	1134
1145	1146	1135
1136	1137	1148
1137	1138	1149
1138	1139	1150
1139	1140	1151
1140	1141	1152
1141	1142	1153
1142	1143	1154
1143	1144	1155
1144	1145	1156
1145	1146	1157
1147	1148	1136
1148	1149	1137
1149	1150	1138
1150	1151	1139
1151	1152	1140
1152	1153	1141
1153	1154	1142
1154	1155	1143
1155	1156	1144
1156	1157	1145
1157	1158	1146
1147	1148	1160
1148	1149	1161
1149	1150	1162
1150	1151	1163
1151	1152	1164
1152	1153	1165
1153	1154	1166
1154	1155	1167
1155	1156	1168
1156	1157	1169
1157	1158	1170
1159	1160	1147
1160	1161	1148
1161	1162	1149
1162	1163	1150
1163	1164	1151
1164	1165	1152
1165	1166	1153
1166	1167	1154
1167	1168	1155
1168	1169	1156
1169	1170	1157
1170	1171	1158
1159	1160	1173
1160	1161	1174
1161	1162	1175
1162	1163	1176
1163	1164	1177
1164	1165	1178
1165	1166	1179
1166	1167	1180
1167	1168	1181
1168	1169	1182
1169	1170	1183
1170	1171	1184
1172	1173	1159
1173	1174	1160
1174	1175	1161
1175	1176	1162
1176	1177	1163
1177	1178	1164
1178	1179	1165
1179	1180	1166
1180	1181	1167
1181	1182	1168
1182	1183	1169
1183	1184	1170
1184	1185	1171
1172	1173	1187
1173	1174	1188
1174	1175	1189
1175	1176	1190
1176	1177	1191
1177	1178	1192
1178	1179	1193
1179	1180	1194
1180	1181	1195
1181	1182	1196
1182	1183	1197
1183	1184	1198
1184	1185	1199
1186	1187	1172
1187	1188	1173
1188	1189	1174
1189	1190	1175
1190	1191	1176
1191	1192	1177
1192	1193	1178
1193	1194	1179
1194	1195	1180
1195	1196	1181
1196	1197	1182
1197	1198	1183
1198	1199	1184
1199	1200	1185
1186	1187	1202
1187	1188	1203
1188	1189	1204
1189	1190	1205
1190	1191	1206
1191	1192	1207
1192	1193	1208
1193	1194	1209
1194	1195	1210
1195	1196	1211
1196	1197	1212
1197	1198	1213
1198	1199	1214
1199	1200	1215
1201	1202	1186
1202	1203	1187
1203	1204	1188
1204	1205	1189
1205	1206	1190
1206	1207	1191
1207	1208	1192
1208	1209	1193
1209	1210	1194
1210	1211	1195
1211	1212	1196
1212	1213	1197
1213	1214	1198
1214	1215	1199
1215	722	1200
1216	1068	962
1216	1068	1218
1217	1218	1216
1218	1069	1068
1217	1218	1220
1218	1069	1221
1219	1220	1217
1220	1221	1218
1221	1070	1069
1219	1220	1223
1220	1221	1224
1221	1070	1225
1222	1223	1219
1223	1224	1220
1224	1225	1221
1225	1071	1070
1222	1223	1227
1223	1224	1228
1224	1225	1229
1225	1071	1230
1226	1227	1222
1227	1228	1223
1228	1229	1224
1229	1230	1225
1230	1072	1071
1226	1227	1232
1227	1228	1233
1228	1229	1234
1229	1230	1235
1230	1072	1236
1231	1232	1226
1232	1233	1227
1233	1234	1228
1234	1235	1229
1235	1236	1230
1236	1073	1072
1231	1232	1238
1232	1233	1239
1233	1234	1240
1234	1235	1241
1235	1236	1242
1236	1073	1243
1237	1238	1231
1238	1239	1232
1239	1240	1233
1240	1241	1234
1241	1242	1235
1242	1243	1236
1243	1074	1073
1237	1238	1245
1238	1239	1246
1239	1240	1247
1240	1241	1248
1241	1242	1249
1242	1243	1250
1243	1074	1251
1244	1245	1237
1245	1246	1238
1246	1247	1239
1247	1248	1240
1248	1249	1241
1249	1250	1242
1250	1251	1243
1251	1075	1074
1244	1245	1253
1245	1246	1254
1246	1247	1255
1247	1248	1256
1248	1249	1257
1249	1250	1258
1250	1251	1259
1251	1075	1260
1252	1253	1244
1253	1254	1245
1254	1255	1246
1255	1256	1247
1256	1257	1248
1257	1258	1249
1258	1259	1250
1259	1260	1251
1260	1076	1075
1252	1253	1262
1253	1254	1263
1254	1255	1264
1255	1256	1265
1256	1257	1266
1257	1258	1267
1258	1259	1268
1259	1260	1269
1260	1076	1270
1261	1262	1252
1262	1263	1253
1263	1264	1254
1264	1265	1255
1265	1266	1256
1266	1267	1257
1267	1268	1258
1268	1269	1259
1269	1270	1260
1270	1077	1076
1261	1262	1272
1262	1263	1273
1263	1264	1274
1264	1265	1275
1265	1266	1276
1266	1267	1277
1267	1268	1278
1268	1269	1279
1269	1270	1280
1270	1077	1281
1271	1272	1261
1272	1273	1262
1273	1274	1263
1274	1275	1264
1275	1276	1265
1276	1277	1266
1277	1278	1267
1278	1279	1268
1279	1280	1269
1280	1281	1270
1281	1078	1077
1271	1272	1283
1272	1273	1284
1273	1274	1285
1274	1275	1286
1275	1276	1287
1276	1277	1288
1277	1278	1289
1278	1279	1290
1279	1280	1291
1280	1281	1292
1281	1078	1293
1282	1283	1271
1283	1284	1272
1284	1285	1273
1285	1286	1274
1286	1287	1275
1287	1288	1276
1288	1289	1277
1289	1290	1278
1290	1291	1279
1291	1292	1280
1292	1293	1281
1293	1079	1078
1282	1283	1295
1283	1284	1296
1284	1285	1297
1285	1286	1298
1286	1287	1299
1287	1288	1300
1288	1289	1301
1289	1290	1302
1290	1291	1303
1291	1292	1304
1292	1293	1305
1293	1079	1306
1294	1295	1282
1295	1296	1283
1296	1297	1284
1297	1298	1285
1298	1299	1286
1299	1300	1287
1300	1301	1288
1301	1302	1289
1302	1303	1290
1303	1304	1291
1304	1305	1292
1305	1306	1293
1306	1080	1079
1294	1295	1308
1295	1296	1309
1296	1297	1310
1297	1298	1311
1298	1299	1312
1299	1300	1313
1300	1301	1314
1301	1302	1315
1302	1303	1316
1303	1304	1317
1304	1305	1318
1305	1306	1319
1306	1080	1320
1307	1308	1294
1308	1309	1295
1309	1310	1296
1310	1311	1297
1311	1312	1298
1312	1313	1299
1313	1314	1300
1314	1315	1301
1315	1316	1302
1316	1317	1303
1317	1318	1304
1318	1319	1305
1319	1320	1306
1320	1081	1080
1307	1308	1202
1308	1309	1203
1309	1310	1204
1310	1311	1205
1311	1312	1206
1312	1313	1207
1313	1314	1208
1314	1315	1209
1315	1316	1210
1316	1317	1211
1317	1318	1212
1318	1319	1213
1319	1320	1214
1320	1081	1215
1201	1202	1307
1202	1203	1308
1203	1204	1309
1204	1205	1310
1205	1206	1311
1206	1207	1312
1207	1208	1313
1208	1209	1314
1209	1210	1315
1210	1211	1316
1211	1212	1317
1212	1213	1318
1213	1214	1319
1214	1215	1320
1215	722	1081
1216	1321	962
1216	1321	1322
1217	1322	1216
1322	1323	1321
1217	1322	1324
1322	1323	1325
1219	1324	1217
1324	1325	1322
1325	1326	1323
1219	1324	1327
1324	1325	1328
1325	1326	1329
1222	1327	1219
1327	1328	1324
1328	1329	1325
1329	1330	1326
1222	1327	1331
1327	1328	1332
1328	1329	1333
1329	1330	1334
1226	1331	1222
1331	1332	1327
1332	1333	1328
1333	1334	1329
1334	1335	1330
1226	1331	1336
1331	1332	1337
1332	1333	1338
1333	1334	1339
1334	1335	1340
1231	1336	1226
1336	1337	1331
1337	1338	1332
1338	1339	1333
1339	1340	1334
1340	1341	1335
1231	1336	1342
1336	1337	1343
1337	1338	1344
1338	1339	1345
1339	1340	1346
1340	1341	1347
1237	1342	1231
1342	1343	1336
1343	1344	1337
1344	1345	1338
1345	1346	1339
1346	1347	1340
1347	1348	1341
1237	1342	1349
1342	1343	1350
1343	1344	1351
1344	1345	1352
1345	1346	1353
1346	1347	1354
1347	1348	1355
1244	1349	1237
1349	1350	1342
1350	1351	1343
1351	1352	1344
1352	1353	1345
1353	1354	1346
1354	1355	1347
1355	1356	1348
1244	1349	1357
1349	1350	1358
1350	1351	1359
1351	1352	1360
1352	1353	1361
1353	1354	1362
1354	1355	1363
1355	1356	1364
1252	1357	1244
1357	1358	1349
1358	1359	1350
1359	1360	1351
1360	1361	1352
1361	1362	1353
1362	1363	1354
1363	1364	1355
1364	1365	1356
1252	1357	1366
1357	1358	1367
1358	1359	1368
1359	1360	1369
1360	1361	1370
1361	1362	1371
1362	1363	1372
1363	1364	1373
1364	1365	1374
1261	1366	1252
1366	1367	1357
1367	1368	1358
1368	1369	1359
1369	1370	1360
1370	1371	1361
1371	1372	1362
1372	1373	1363
1373	1374	1364
1374	1375	1365
1261	1366	1376
1366	1367	1377
1367	1368	1378
1368	1369	1379
1369	1370	1380
1370	1371	1381
1371	1372	1382
1372	1373	1383
1373	1374	1384
1374	1375	1385
1271	1376	1261
1376	1377	1366
1377	1378	1367
1378	1379	1368
1379	1380	1369
1380	1381	1370
1381	1382	1371
1382	1383	1372
1383	1384	1373
1384	1385	1374
1385	1386	1375
1271	1376	1387
1376	1377	1388
1377	1378	1389
1378	1379	1390
1379	1380	1391
1380	1381	1392
1381	1382	1393
1382	1383	1394
1383	1384	1395
1384	1385	1396
1385	1386	1397
1282	1387	1271
1387	1388	1376
1388	1389	1377
1389	1390	1378
1390	1391	1379
1391	1392	1380
1392	1393	1381
1393	1394	1382
1394	1395	1383
1395	1396	1384
1396	1397	1385
1397	1398	1386
1282	1387	1399
1387	1388	1400
1388	1389	1401
1389	1390	1402
1390	1391	1403
1391	1392	1404
1392	1393	1405
1393	1394	1406
1394	1395	1407
1395	1396	1408
1396	1397	1409
1397	1398	1410
1294	1399	1282
1399	1400	1387
1400	1401	1388
1401	1402	1389
1402	1403	1390
1403	1404	1391
1404	1405	1392
1405	1406	1393
1406	1407	1394
1407	1408	1395
1408	1409	1396
1409	1410	1397
1410	1411	1398
1294	1399	1412
1399	1400	1413
1400	1401	1414
1401	1402	1415
1402	1403	1416
1403	1404	1417
1404	1405	1418
1405	1406	1419
1406	1407	1420
1407	1408	1421
1408	1409	1422
1409	1410	1423
1410	1411	1424
1307	1412	1294
1412	1413	1399
1413	1414	1400
1414	1415	1401
1415	1416	1402
1416	1417	1403
1417	1418	1404
1418	1419	1405
1419	1420	1406
1420	1421	1407
1421	1422	1408
1422	1423	1409
1423	1424	1410
1424	1425	1411
1307	1412	1426
1412	1413	1427
1413	1414	1428
1414	1415	1429
1415	1416	1430
1416	1417	1431
1417	1418	1432
1418	1419	1433
1419	1420	1434
1420	1421	1435
1421	1422	1436
1422	1423	1437
1423	1424	1438
1424	1425	1439
1201	1426	1307
1426	1427	1412
1427	1428	1413
1428	1429	1414
1429	1430	1415
1430	1431	1416
1431	1432	1417
1432	1433	1418
1433	1434	1419
1434	1435	1420
1435	1436	1421
1436	1437	1422
1437	1438	1423
1438	1439	1424
1439	1440	1425
1321	963	962
1321	963	1441
1323	1441	1321
1441	964	963
1323	1441	1442
1441	964	1443
1326	1442	1323
1442	1443	1441
1443	965	964
1326	1442	1444
1442	1443	1445
1443	965	1446
1330	1444	1326
1444	1445	1442
1445	1446	1443
1446	966	965
1330	1444	1447
1444	1445	1448
1445	1446	1449
1446	966	1450
1335	1447	1330
1447	1448	1444
1448	1449	1445
1449	1450	1446
1450	967	966
1335	1447	1451
1447	1448	1452
1448	1449	1453
1449	1450	1454
1450	967	1455
1341	1451	1335
1451	1452	1447
1452	1453	1448
1453	1454	1449
1454	1455	1450
1455	968	967
1341	1451	1456
1451	1452	1457
1452	1453	1458
1453	1454	1459
1454	1455	1460
1455	968	1461
1348	1456	1341
1456	1457	1451
1457	1458	1452
1458	1459	1453
1459	1460	1454
1460	1461	1455
1461	969	968
1348	1456	1462
1456	1457	1463
1457	1458	1464
1458	1459	1465
1459	1460	1466
1460	1461	1467
1461	969	1468
1356	1462	1348
1462	1463	1456
1463	1464	1457
1464	1465	1458
1465	1466	1459
1466	1467	1460
1467	1468	1461
1468	970	969
1356	1462	1469
1462	1463	1470
1463	1464	1471
1464	1465	1472
1465	1466	1473
1466	1467	1474
1467	1468	1475
1468	970	1476
1365	1469	1356
1469	1470	1462
1470	1471	1463
1471	1472	1464
1472	1473	1465
1473	1474	1466
1474	1475	1467
1475	1476	1468
1476	971	970
1365	1469	1477
1469	1470	1478
1470	1471	1479
1471	1472	1480
1472	1473	1481
1473	1474	1482
1474	1475	1483
1475	1476	1484
1476	971	1485
1375	1477	1365
1477	1478	1469
1478	1479	1470
1479	1480	1471
1480	1481	1472
1481	1482	1473
1482	1483	1474
1483	1484	1475
1484	1485	1476
1485	972	971
1375	1477	1486
1477	1478	1487
1478	1479	1488
1479	1480	1489
1480	1481	1490
1481	1482	1491
1482	1483	1492
1483	1484	1493
1484	1485	1494
1485	972	1495
1386	1486	1375
1486	1487	1477
1487	1488	1478
1488	1489	1479
1489	1490	1480
1490	1491	1481
1491	1492	1482
1492	1493	1483
1493	1494	1484
1494	1495	1485
1495	973	972
1386	1486	1496
1486	1487	1497
1487	1488	1498
1488	1489	1499
1489	1490	1500
1490	1491	1501
1491	1492	1502
1492	1493	1503
1493	1494	1504
1494	1495	1505
1495	973	1506
1398	1496	1386
1496	1497	1486
1497	1498	1487
1498	1499	1488
1499	1500	1489
1500	1501	1490
1501	1502	1491
1502	1503	1492
1503	1504	1493
1504	1505	1494
1505	1506	1495
1506	974	973
1398	1496	1507
1496	1497	1508
1497	1498	1509
1498	1499	1510
1499	1500	1511
1500	1501	1512
1501	1502	1513
1502	1503	1514
1503	1504	1515
1504	1505	1516
1505	1506	1517
1506	974	1518
1411	1507	1398
1507	1508	1496
1508	1509	1497
1509	1510	1498
1510	1511	1499
1511	1512	1500
1512	1513	1501
1513	1514	1502
1514	1515	1503
1515	1516	1504
1516	1517	1505
1517	1518	1506
1518	975	974
1411	1507	1519
1507	1508	1520
1508	1509	1521
1509	1510	1522
1510	1511	1523
1511	1512	1524
1512	1513	1525
1513	1514	1526
1514	1515	1527
1515	1516	1528
1516	1517	1529
1517	1518	1530
1518	975	1531
1425	1519	1411
1519	1520	1507
1520	1521	1508
1521	1522	1509
1522	1523	1510
1523	1524	1511
1524	1525	1512
1525	1526	1513
1526	1527	1514
1527	1528	1515
1528	1529	1516
1529	1530	1517
1530	1531	1518
1531	976	975
1425	1519	1532
1519	1520	1533
1520	1521	1534
1521	1522	1535
1522	1523	1536
1523	1524	1537
1524	1525	1538
1525	1526	1539
1526	1527	1540
1527	1528	1541
1528	1529	1542
1529	1530	1543
1530	1531	1544
1531	976	1545
1440	1532	1425
1532	1533	1519
1533	1534	1520
1534	1535	1521
1535	1536	1522
1536	1537	1523
1537	1538	1524
1538	1539	1525
1539	1540	1526
1540	1541	1527
1541	1542	1528
1542	1543	1529
1543	1544	1530
1544	1545	1531
1545	856	976
1532	1546	1440
1532	1546	1547
1533	1547	1532
1547	1548	1546
1533	1547	1549
1547	1548	1550
1534	1549	1533
1549	1550	1547
1550	1551	1548
1534	1549	1552
1549	1550	1553
1550	1551	1554
1535	1552	1534
1552	1553	1549
1553	1554	1550
1554	1555	1551
1535	1552	1556
1552	1553	1557
1553	1554	1558
1554	1555	1559
1536	1556	1535
1556	1557	1552
1557	1558	1553
1558	1559	1554
1559	1560	1555
1536	1556	1561
1556	1557	1562
1557	1558	1563
1558	1559	1564
1559	1560	1565
1537	1561	1536
1561	1562	1556
1562	1563	1557
1563	1564	1558
1564	1565	1559
1565	1566	1560
1537	1561	1567
1561	1562	1568
1562	1563	1569
1563	1564	1570
1564	1565	1571
1565	1566	1572
1538	1567	1537
1567	1568	1561
1568	1569	1562
1569	1570	1563
1570	1571	1564
1571	1572	1565
1572	1573	1566
1538	1567	1574
1567	1568	1575
1568	1569	1576
1569	1570	1577
1570	1571	1578
1571	1572	1579
1572	1573	1580
1539	1574	1538
1574	1575	1567
1575	1576	1568
1576	1577	1569
1577	1578	1570
1578	1579	1571
1579	1580	1572
1580	1581	1573
1539	1574	1582
1574	1575	1583
1575	1576	1584
1576	1577	1585
1577	1578	1586
1578	1579	1587
1579	1580	1588
1580	1581	1589
1540	1582	1539
1582	1583	1574
1583	1584	1575
1584	1585	1576
1585	1586	1577
1586	1587	1578
1587	1588	1579
1588	1589	1580
1589	1590	1581
1540	1582	1591
1582	1583	1592
1583	1584	1593
1584	1585	1594
1585	1586	1595
1586	1587	1596
1587	1588	1597
1588	1589	1598
1589	1590	1599
1541	1591	1540
1591	1592	1582
1592	1593	1583
1593	1594	1584
1594	1595	1585
1595	1596	1586
1596	1597	1587
1597	1598	1588
1598	1599	1589
1599	1600	1590
1541	1591	1601
1591	1592	1602
1592	1593	1603
1593	1594	1604
1594	1595	1605
1595	1596	1606
1596	1597	1607
1597	1598	1608
1598	1599	1609
1599	1600	1610
1542	1601	1541
1601	1602	1591
1602	1603	1592
1603	1604	1593
1604	1605	1594
1605	1606	1595
1606	1607	1596
1607	1608	1597
1608	1609	1598
1609	1610	1599
1610	1611	1600
1542	1601	1612
1601	1602	1613
1602	1603	1614
1603	1604	1615
1604	1605	1616
1605	1606	1617
1606	1607	1618
1607	1608	1619
1608	1609	1620
1609	1610	1621
1610	1611	1622
1543	1612	1542
1612	1613	1601
1613	1614	1602
1614	1615	1603
1615	1616	1604
1616	1617	1605
1617	1618	1606
1618	1619	1607
1619	1620	1608
1620	1621	1609
1621	1622	1610
1622	1623	1611
1543	1612	1624
1612	1613	1625
1613	1614	1626
1614	1615	1627
1615	1616	1628
1616	1617	1629
1617	1618	1630
1618	1619	1631
1619	1620	1632
1620	1621	1633
1621	1622	1634
1622	1623	1635
1544	1624	1543
1624	1625	1612
1625	1626	1613
1626	1627	1614
1627	1628	1615
1628	1629	1616
1629	1630	1617
1630	1631	1618
1631	1632	1619
1632	1633	1620
1633	1634	1621
1634	1635	1622
1635	1636	1623
1544	1624	1637
1624	1625	1638
1625	1626	1639
1626	1627	1640
1627	1628	1641
1628	1629	1642
1629	1630	1643
1630	1631	1644
1631	1632	1645
1632	1633	1646
1633	1634	1647
1634	1635	1648
1635	1636	1649
1545	1637	1544
1637	1638	1624
1638	1639	1625
1639	1640	1626
1640	1641	1627
1641	1642	1628
1642	1643	1629
1643	1644	1630
1644	1645	1631
1645	1646	1632
1646	1647	1633
1647	1648	1634
1648	1649	1635
1649	1650	1636
1545	1637	1651
1637	1638	1652
1638	1639	1653
1639	1640	1654
1640	1641	1655
1641	1642	1656
1642	1643	1657
1643	1644	1658
1644	1645	1659
1645	1646	1660
1646	1647	1661
1647	1648	1662
1648	1649	1663
1649	1650	1664
856	1651	1545
1651	1652	1637
1652	1653	1638
1653	1654	1639
1654	1655	1640
1655	1656	1641
1656	1657	1642
1657	1658	1643
1658	1659	1644
1659	1660	1645
1660	1661	1646
1661	1662	1647
1662	1663	1648
1663	1664	1649
1664	136	1650
842	1665	376
842	1665	1666
843	1666	842
1666	1667	1665
843	1666	1668
1666	1667	1669
844	1668	843
1668	1669	1666
1669	1670	1667
844	1668	1671
1668	1669	1672
1669	1670	1673
845	1671	844
1671	1672	1668
1672	1673	1669
1673	1674	1670
845	1671	1675
1671	1672	1676
1672	1673	1677
1673	1674	1678
846	1675	845
1675	1676	1671
1676	1677	1672
1677	1678	1673
1678	1679	1674
846	1675	1680
1675	1676	1681
1676	1677	1682
1677	1678	1683
1678	1679	1684
847	1680	846
1680	1681	1675
1681	1682	1676
1682	1683	1677
1683	1684	1678
1684	1685	1679
847	1680	1686
1680	1681	1687
1681	1682	1688
1682	1683	1689
1683	1684	1690
1684	1685	1691
848	1686	847
1686	1687	1680
1687	1688	1681
1688	1689	1682
1689	1690	1683
1690	1691	1684
1691	1692	1685
848	1686	1693
1686	1687	1694
1687	1688	1695
1688	1689	1696
1689	1690	1697
1690	1691	1698
1691	1692	1699
849	1693	848
1693	1694	1686
1694	1695	1687
1695	1696	1688
1696	1697	1689
1697	1698	1690
1698	1699	1691
1699	1700	1692
849	1693	1701
1693	1694	1702
1694	1695	1703
1695	1696	1704
1696	1697	1705
1697	1698	1706
1698	1699	1707
1699	1700	1708
850	1701	849
1701	1702	1693
1702	1703	1694
1703	1704	1695
1704	1705	1696
1705	1706	1697
1706	1707	1698
1707	1708	1699
1708	1709	1700
850	1701	1710
1701	1702	1711
1702	1703	1712
1703	1704	1713
1704	1705	1714
1705	1706	1715
1706	1707	1716
1707	1708	1717
1708	1709	1718
851	1710	850
1710	1711	1701
1711	1712	1702
1712	1713	1703
1713	1714	1704
1714	1715	1705
1715	1716	1706
1716	1717	1707
1717	1718	1708
1718	1719	1709
851	1710	1720
1710	1711	1721
1711	1712	1722
1712	1713	1723
1713	1714	1724
1714	1715	1725
1715	1716	1726
1716	1717	1727
1717	1718	1728
1718	1719	1729
852	1720	851
1720	1721	1710
1721	1722	1711
1722	1723	1712
1723	1724	1713
1724	1725	1714
1725	1726	1715
1726	1727	1716
1727	1728	1717
1728	1729	1718
1729	1730	1719
852	1720	1731
1720	1721	1732
1721	1722	1733
1722	1723	1734
1723	1724	1735
1724	1725	1736
1725	1726	1737
1726	1727	1738
1727	1728	1739
1728	1729	1740
1729	1730	1741
853	1731	852
1731	1732	1720
1732	1733	1721
1733	1734	1722
1734	1735	1723
1735	1736	1724
1736	1737	1725
1737	1738	1726
1738	1739	1727
1739	1740	1728
1740	1741	1729
1741	1742	1730
853	1731	1743
1731	1732	1744
1732	1733	1745
1733	1734	1746
1734	1735	1747
1735	1736	1748
1736	1737	1749
1737	1738	1750
1738	1739	1751
1739	1740	1752
1740	1741	1753
1741	1742	1754
854	1743	853
1743	1744	1731
1744	1745	1732
1745	1746	1733
1746	1747	1734
1747	1748	1735
1748	1749	1736
1749	1750	1737
1750	1751	1738
1751	1752	1739
1752	1753	1740
1753	1754	1741
1754	1755	1742
854	1743	1756
1743	1744	1757
1744	1745	1758
1745	1746	1759
1746	1747	1760
1747	1748	1761
1748	1749	1762
1749	1750	1763
1750	1751	1764
1751	1752	1765
1752	1753	1766
1753	1754	1767
1754	1755	1768
855	1756	854
1756	1757	1743
1757	1758	1744
1758	1759	1745
1759	1760	1746
1760	1761	1747
1761	1762	1748
1762	1763	1749
1763	1764	1750
1764	1765	1751
1765	1766	1752
1766	1767	1753
1767	1768	1754
1768	1769	1755
855	1756	1651
1756	1757	1652
1757	1758	1653
1758	1759	1654
1759	1760	1655
1760	1761	1656
1761	1762	1657
1762	1763	1658
1763	1764	1659
1764	1765	1660
1765	1766	1661
1766	1767	1662
1767	1768	1663
1768	1769	1664
856	1651	855
1651	1652	1756
1652	1653	1757
1653	1654	1758
1654	1655	1759
1655	1656	1760
1656	1657	1761
1657	1658	1762
1658	1659	1763
1659	1660	1764
1660	1661	1765
1661	1662	1766
1662	1663	1767
1663	1664	1768
1664	136	1769
3	257	1
3	257	1770
6	1770	3
1770	259	257
6	1770	1771
1770	259	1772
10	1771	6
1771	1772	1770
1772	262	259
10	1771	1773
1771	1772	1774
1772	262	1775
15	1773	10
1773	1774	1771
1774	1775	1772
1775	266	262
15	1773	1776
1773	1774	1777
1774	1775	1778
1775	266	1779
21	1776	15
1776	1777	1773
1777	1778	1774
1778	1779	1775
1779	271	266
21	1776	1780
1776	1777	1781
1777	1778	1782
1778	1779	1783
1779	271	1784
28	1780	21
1780	1781	1776
1781	1782	1777
1782	1783	1778
1783	1784	1779
1784	277	271
28	1780	1785
1780	1781	1786
1781	1782	1787
1782	1783	1788
1783	1784	1789
1784	277	1790
36	1785	28
1785	1786	1780
1786	1787	1781
1787	1788	1782
1788	1789	1783
1789	1790	1784
1790	284	277
36	1785	1791
1785	1786	1792
1786	1787	1793
1787	1788	1794
1788	1789	1795
1789	1790	1796
1790	284	1797
45	1791	36
1791	1792	1785
1792	1793	1786
1793	1794	1787
1794	1795	1788
1795	1796	1789
1796	1797	1790
1797	292	284
45	1791	1798
1791	1792	1799
1792	1793	1800
1793	1794	1801
1794	1795	1802
1795	1796	1803
1796	1797	1804
1797	292	1805
55	1798	45
1798	1799	1791
1799	1800	1792
1800	1801	1793
1801	1802	1794
1802	1803	1795
1803	1804	1796
1804	1805	1797
1805	301	292
55	1798	1806
1798	1799	1807
1799	1800	1808
1800	1801	1809
1801	1802	1810
1802	1803	1811
1803	1804	1812
1804	1805	1813
1805	301	1814
66	1806	55
1806	1807	1798
1807	1808	1799
1808	1809	1800
1809	1810	1801
1810	1811	1802
1811	1812	1803
1812	1813	1804
1813	1814	1805
1814	311	301
66	1806	1815
1806	1807	1816
1807	1808	1817
1808	1809	1818
1809	1810	1819
1810	1811	1820
1811	1812	1821
1812	1813	1822
1813	1814	1823
1814	311	1824
78	1815	66
1815	1816	1806
1816	1817	1807
1817	1818	1808
1818	1819	1809
1819	1820	1810
1820	1821	1811
1821	1822	1812
1822	1823	1813
1823	1824	1814
1824	322	311
78	1815	1825
1815	1816	1826
1816	1817	1827
1817	1818	1828
1818	1819	1829
1819	1820	1830
1820	1821	1831
1821	1822	1832
1822	1823	1833
1823	1824	1834
1824	322	1835
91	1825	78
1825	1826	1815
1826	1827	1816
1827	1828	1817
1828	1829	1818
1829	1830	1819
1830	1831	1820
1831	1832	1821
1832	1833	1822
1833	1834	1823
1834	1835	1824
1835	334	322
91	1825	1836
1825	1826	1837
1826	1827	1838
1827	1828	1839
1828	1829	1840
1829	1830	1841
1830	1831	1842
1831	1832	1843
1832	1833	1844
1833	1834	1845
1834	1835	1846
1835	334	1847
105	1836	91
1836	1837	1825
1837	1838	1826
1838	1839	1827
1839	1840	1828
1840	1841	1829
1841	1842	1830
1842	1843	1831
1843	1844	1832
1844	1845	1833
1845	1846	1834
1846	1847	1835
1847	347	334
105	1836	1848
1836	1837	1849
1837	1838	1850
1838	1839	1851
1839	1840	1852
1840	1841	1853
1841	1842	1854
1842	1843	1855
1843	1844	1856
1844	1845	1857
1845	1846	1858
1846	1847	1859
1847	347	1860
120	1848	105
1848	1849	1836
1849	1850	1837
1850	1851	1838
1851	1852	1839
1852	1853	1840
1853	1854	1841
1854	1855	1842
1855	1856	1843
1856	1857	1844
1857	1858	1845
1858	1859	1846
1859	1860	1847
1860	361	347
120	1848	1769
1848	1849	1755
1849	1850	1742
1850	1851	1730
1851	1852	1719
1852	1853	1709
1853	1854	1700
1854	1855	1692
1855	1856	1685
1856	1857	1679
1857	1858	1674
1858	1859	1670
1859	1860	1667
1860	361	1665
136	1769	120
1769	1755	1848
1755	1742	1849
1742	1730	1850
1730	1719	1851
1719	1709	1852
1709	1700	1853
1700	1692	1854
1692	1685	1855
1685	1679	1856
1679	1674	1857
1674	1670	1858
1670	1667	1859
1667	1665	1860
1665	376	361
483	736	391
483	736	1861
484	1861	483
1861	735	736
484	1861	1862
1861	735	1863
485	1862	484
1862	1863	1861
1863	734	735
485	1862	1864
1862	1863	1865
1863	734	1866
486	1864	485
1864	1865	1862
1865	1866	1863
1866	733	734
486	1864	1867
1864	1865	1868
1865	1866	1869
1866	733	1870
487	1867	486
1867	1868	1864
1868	1869	1865
1869	1870	1866
1870	732	733
487	1867	1871
1867	1868	1872
1868	1869	1873
1869	1870	1874
1870	732	1875
488	1871	487
1871	1872	1867
1872	1873	1868
1873	1874	1869
1874	1875	1870
1875	731	732
488	1871	1876
1871	1872	1877
1872	1873	1878
1873	1874	1879
1874	1875	1880
1875	731	1881
489	1876	488
1876	1877	1871
1877	1878	1872
1878	1879	1873
1879	1880	1874
1880	1881	1875
1881	730	731
489	1876	1882
1876	1877	1883
1877	1878	1884
1878	1879	1885
1879	1880	1886
1880	1881	1887
1881	730	1888
490	1882	489
1882	1883	1876
1883	1884	1877
1884	1885	1878
1885	1886	1879
1886	1887	1880
1887	1888	1881
1888	729	730
490	1882	1889
1882	1883	1890
1883	1884	1891
1884	1885	1892
1885	1886	1893
1886	1887	1894
1887	1888	1895
1888	729	1896
491	1889	490
1889	1890	1882
1890	1891	1883
1891	1892	1884
1892	1893	1885
1893	1894	1886
1894	1895	1887
1895	1896	1888
1896	728	729
491	1889	1897
1889	1890	1898
1890	1891	1899
1891	1892	1900
1892	1893	1901
1893	1894	1902
1894	1895	1903
1895	1896	1904
1896	728	1905
492	1897	491
1897	1898	1889
1898	1899	1890
1899	1900	1891
1900	1901	1892
1901	1902	1893
1902	1903	1894
1903	1904	1895
1904	1905	1896
1905	727	728
492	1897	1906
1897	1898	1907
1898	1899	1908
1899	1900	1909
1900	1901	1910
1901	1902	1911
1902	1903	1912
1903	1904	1913
1904	1905	1914
1905	727	1915
493	1906	492
1906	1907	1897
1907	1908	1898
1908	1909	1899
1909	1910	1900
1910	1911	1901
1911	1912	1902
1912	1913	1903
1913	1914	1904
1914	1915	1905
1915	726	727
493	1906	1916
1906	1907	1917
1907	1908	1918
1908	1909	1919
1909	1910	1920
1910	1911	1921
1911	1912	1922
1912	1913	1923
1913	1914	1924
1914	1915	1925
1915	726	1926
494	1916	493
1916	1917	1906
1917	1918	1907
1918	1919	1908
1919	1920	1909
1920	1921	1910
1921	1922	1911
1922	1923	1912
1923	1924	1913
1924	1925	1914
1925	1926	1915
1926	725	726
494	1916	1927
1916	1917	1928
1917	1918	1929
1918	1919	1930
1919	1920	1931
1920	1921	1932
1921	1922	1933
1922	1923	1934
1923	1924	1935
1924	1925	1936
1925	1926	1937
1926	725	1938
495	1927	494
1927	1928	1916
1928	1929	1917
1929	1930	1918
1930	1931	1919
1931	1932	1920
1932	1933	1921
1933	1934	1922
1934	1935	1923
1935	1936	1924
1936	1937	1925
1937	1938	1926
1938	724	725
495	1927	1939
1927	1928	1940
1928	1929	1941
1929	1930	1942
1930	1931	1943
1931	1932	1944
1932	1933	1945
1933	1934	1946
1934	1935	1947
1935	1936	1948
1936	1937	1949
1937	1938	1950
1938	724	1951
496	1939	495
1939	1940	1927
1940	1941	1928
1941	1942	1929
1942	1943	1930
1943	1944	1931
1944	1945	1932
1945	1946	1933
1946	1947	1934
1947	1948	1935
1948	1949	1936
1949	1950	1937
1950	1951	1938
1951	723	724
496	1939	1083
1939	1940	1086
1940	1941	1090
1941	1942	1095
1942	1943	1101
1943	1944	1108
1944	1945	1116
1945	1946	1125
1946	1947	1135
1947	1948	1146
1948	1949	1158
1949	1950	1171
1950	1951	1185
1951	723	1200
256	1083	496
1083	1086	1939
1086	1090	1940
1090	1095	1941
1095	1101	1942
1101	1108	1943
1108	1116	1944
1116	1125	1945
1125	1135	1946
1135	1146	1947
1146	1158	1948
1158	1171	1949
1171	1185	1950
1185	1200	1951
1200	722	723
122	1952	121
122	1952	1953
123	1953	122
1953	1954	1952
123	1953	1955
1953	1954	1956
124	1955	123
1955	1956	1953
1956	1957	1954
124	1955	1958
1955	1956	1959
1956	1957	1960
125	1958	124
1958	1959	1955
1959	1960	1956
1960	1961	1957
125	1958	1962
1958	1959	1963
1959	1960	1964
1960	1961	1965
126	1962	125
1962	1963	1958
1963	1964	1959
1964	1965	1960
1965	1966	1961
126	1962	1967
1962	1963	1968
1963	1964	1969
1964	1965	1970
1965	1966	1971
127	1967	126
1967	1968	1962
1968	1969	1963
1969	1970	1964
1970	1971	1965
1971	1972	1966
127	1967	1973
1967	1968	1974
1968	1969	1975
1969	1970	1976
1970	1971	1977
1971	1972	1978
128	1973	127
1973	1974	1967
1974	1975	1968
1975	1976	1969
1976	1977	1970
1977	1978	1971
1978	1979	1972
128	1973	1980
1973	1974	1981
1974	1975	1982
1975	1976	1983
1976	1977	1984
1977	1978	1985
1978	1979	1986
129	1980	128
1980	1981	1973
1981	1982	1974
1982	1983	1975
1983	1984	1976
1984	1985	1977
1985	1986	1978
1986	1987	1979
129	1980	1988
1980	1981	1989
1981	1982	1990
1982	1983	1991
1983	1984	1992
1984	1985	1993
1985	1986	1994
1986	1987	1995
130	1988	129
1988	1989	1980
1989	1990	1981
1990	1991	1982
1991	1992	1983
1992	1993	1984
1993	1994	1985
1994	1995	1986
1995	1996	1987
130	1988	1997
1988	1989	1998
1989	1990	1999
1990	1991	2000
1991	1992	2001
1992	1993	2002
1993	1994	2003
1994	1995	2004
1995	1996	2005
131	1997	130
1997	1998	1988
1998	1999	1989
1999	2000	1990
2000	2001	1991
2001	2002	1992
2002	2003	1993
2003	2004	1994
2004	2005	1995
2005	2006	1996
131	1997	2007
1997	1998	2008
1998	1999	2009
1999	2000	2010
2000	2001	2011
2001	2002	2012
2002	2003	2013
2003	2004	2014
2004	2005	2015
2005	2006	2016
132	2007	131
2007	2008	1997
2008	2009	1998
2009	2010	1999
2010	2011	2000
2011	2012	2001
2012	2013	2002
2013	2014	2003
2014	2015	2004
2015	2016	2005
2016	2017	2006
132	2007	2018
2007	2008	2019
2008	2009	2020
2009	2010	2021
2010	2011	2022
2011	2012	2023
2012	2013	2024
2013	2014	2025
2014	2015	2026
2015	2016	2027
2016	2017	2028
133	2018	132
2018	2019	2007
2019	2020	2008
2020	2021	2009
2021	2022	2010
2022	2023	2011
2023	2024	2012
2024	2025	2013
2025	2026	2014
2026	2027	2015
2027	2028	2016
2028	2029	2017
133	2018	2030
2018	2019	2031
2019	2020	2032
2020	2021	2033
2021	2022	2034
2022	2023	2035
2023	2024	2036
2024	2025	2037
2025	2026	2038
2026	2027	2039
2027	2028	2040
2028	2029	2041
134	2030	133
2030	2031	2018
2031	2032	2019
2032	2033	2020
2033	2034	2021
2034	2035	2022
2035	2036	2023
2036	2037	2024
2037	2038	2025
2038	2039	2026
2039	2040	2027
2040	2041	2028
2041	2042	2029
134	2030	2043
2030	2031	2044
2031	2032	2045
2032	2033	2046
2033	2034	2047
2034	2035	2048
2035	2036	2049
2036	2037	2050
2037	2038	2051
2038	2039	2052
2039	2040	2053
2040	2041	2054
2041	2042	2055
135	2043	134
2043	2044	2030
2044	2045	2031
2045	2046	2032
2046	2047	2033
2047	2048	2034
2048	2049	2035
2049	2050	2036
2050	2051	2037
2051	2052	2038
2052	2053	2039
2053	2054	2040
2054	2055	2041
2055	2056	2042
135	2043	1650
2043	2044	1636
2044	2045	1623
2045	2046	1611
2046	2047	1600
2047	2048	1590
2048	2049	1581
2049	2050	1573
2050	2051	1566
2051	2052	1560
2052	2053	1555
2053	2054	1551
2054	2055	1548
2055	2056	1546
136	1650	135
1650	1636	2043
1636	1623	2044
1623	1611	2045
1611	1600	2046
1600	1590	2047
1590	1581	2048
1581	1573	2049
1573	1566	2050
1566	1560	2051
1560	1555	2052
1555	1551	2053
1551	1548	2054
1548	1546	2055
1546	1440	2056
2057	1952	121
2057	1952	2059
2058	2059	2057
2059	1954	1952
2058	2059	2061
2059	1954	2062
2060	2061	2058
2061	2062	2059
2062	1957	1954
2060	2061	2064
2061	2062	2065
2062	1957	2066
2063	2064	2060
2064	2065	2061
2065	2066	2062
2066	1961	1957
2063	2064	2068
2064	2065	2069
2065	2066	2070
2066	1961	2071
2067	2068	2063
2068	2069	2064
2069	2070	2065
2070	2071	2066
2071	1966	1961
2067	2068	2073
2068	2069	2074
2069	2070	2075
2070	2071	2076
2071	1966	2077
2072	2073	2067
2073	2074	2068
2074	2075	2069
2075	2076	2070
2076	2077	2071
2077	1972	1966
2072	2073	2079
2073	2074	2080
2074	2075	2081
2075	2076	2082
2076	2077	2083
2077	1972	2084
2078	2079	2072
2079	2080	2073
2080	2081	2074
2081	2082	2075
2082	2083	2076
2083	2084	2077
2084	1979	1972
2078	2079	2086
2079	2080	2087
2080	2081	2088
2081	2082	2089
2082	2083	2090
2083	2084	2091
2084	1979	2092
2085	2086	2078
2086	2087	2079
2087	2088	2080
2088	2089	2081
2089	2090	2082
2090	2091	2083
2091	2092	2084
2092	1987	1979
2085	2086	2094
2086	2087	2095
2087	2088	2096
2088	2089	2097
2089	2090	2098
2090	2091	2099
2091	2092	2100
2092	1987	2101
2093	2094	2085
2094	2095	2086
2095	2096	2087
2096	2097	2088
2097	2098	2089
2098	2099	2090
2099	2100	2091
2100	2101	2092
2101	1996	1987
2093	2094	2103
2094	2095	2104
2095	2096	2105
2096	2097	2106
2097	2098	2107
2098	2099	2108
2099	2100	2109
2100	2101	2110
2101	1996	2111
2102	2103	2093
2103	2104	2094
2104	2105	2095
2105	2106	2096
2106	2107	2097
2107	2108	2098
2108	2109	2099
2109	2110	2100
2110	2111	2101
2111	2006	1996
2102	2103	2113
2103	2104	2114
2104	2105	2115
2105	2106	2116
2106	2107	2117
2107	2108	2118
2108	2109	2119
2109	2110	2120
2110	2111	2121
2111	2006	2122
2112	2113	2102
2113	2114	2103
2114	2115	2104
2115	2116	2105
2116	2117	2106
2117	2118	2107
2118	2119	2108
2119	2120	2109
2120	2121	2110
2121	2122	2111
2122	2017	2006
2112	2113	2124
2113	2114	2125
2114	2115	2126
2115	2116	2127
2116	2117	2128
2117	2118	2129
2118	2119	2130
2119	2120	2131
2120	2121	2132
2121	2122	2133
2122	2017	2134
2123	2124	2112
2124	2125	2113
2125	2126	2114
2126	2127	2115
2127	2128	2116
2128	2129	2117
2129	2130	2118
2130	2131	2119
2131	2132	2120
2132	2133	2121
2133	2134	2122
2134	2029	2017
2123	2124	2136
2124	2125	2137
2125	2126	2138
2126	2127	2139
2127	2128	2140
2128	2129	2141
2129	2130	2142
2130	2131	2143
2131	2132	2144
2132	2133	2145
2133	2134	2146
2134	2029	2147
2135	2136	2123
2136	2137	2124
2137	2138	2125
2138	2139	2126
2139	2140	2127
2140	2141	2128
2141	2142	2129
2142	2143	2130
2143	2144	2131
2144	2145	2132
2145	2146	2133
2146	2147	2134
2147	2042	2029
2135	2136	2149
2136	2137	2150
2137	2138	2151
2138	2139	2152
2139	2140	2153
2140	2141	2154
2141	2142	2155
2142	2143	2156
2143	2144	2157
2144	2145	2158
2145	2146	2159
2146	2147	2160
2147	2042	2161
2148	2149	2135
2149	2150	2136
2150	2151	2137
2151	2152	2138
2152	2153	2139
2153	2154	2140
2154	2155	2141
2155	2156	2142
2156	2157	2143
2157	2158	2144
2158	2159	2145
2159	2160	2146
2160	2161	2147
2161	2056	2042
2148	2149	1426
2149	2150	1427
2150	2151	1428
2151	2152	1429
2152	2153	1430
2153	2154	1431
2154	2155	1432
2155	2156	1433
2156	2157	1434
2157	2158	1435
2158	2159	1436
2159	2160	1437
2160	2161	1438
2161	2056	1439
1201	1426	2148
1426	1427	2149
1427	1428	2150
1428	1429	2151
1429	1430	2152
1430	1431	2153
1431	1432	2154
1432	1433	2155
1433	1434	2156
1434	1435	2157
1435	1436	2158
1436	1437	2159
1437	1438	2160
1438	1439	2161
1439	1440	2056
2057	242	121
2057	242	2162
2058	2162	2057
2162	243	242
2058	2162	2163
2162	243	2164
2060	2163	2058
2163	2164	2162
2164	244	243
2060	2163	2165
2163	2164	2166
2164	244	2167
2063	2165	2060
2165	2166	2163
2166	2167	2164
2167	245	244
2063	2165	2168
2165	2166	2169
2166	2167	2170
2167	245	2171
2067	2168	2063
2168	2169	2165
2169	2170	2166
2170	2171	2167
2171	246	245
2067	2168	2172
2168	2169	2173
2169	2170	2174
2170	2171	2175
2171	246	2176
2072	2172	2067
2172	2173	2168
2173	2174	2169
2174	2175	2170
2175	2176	2171
2176	247	246
2072	2172	2177
2172	2173	2178
2173	2174	2179
2174	2175	2180
2175	2176	2181
2176	247	2182
2078	2177	2072
2177	2178	2172
2178	2179	2173
2179	2180	2174
2180	2181	2175
2181	2182	2176
2182	248	247
2078	2177	2183
2177	2178	2184
2178	2179	2185
2179	2180	2186
2180	2181	2187
2181	2182	2188
2182	248	2189
2085	2183	2078
2183	2184	2177
2184	2185	2178
2185	2186	2179
2186	2187	2180
2187	2188	2181
2188	2189	2182
2189	249	248
2085	2183	2190
2183	2184	2191
2184	2185	2192
2185	2186	2193
2186	2187	2194
2187	2188	2195
2188	2189	2196
2189	249	2197
2093	2190	2085
2190	2191	2183
2191	2192	2184
2192	2193	2185
2193	2194	2186
2194	2195	2187
2195	2196	2188
2196	2197	2189
2197	250	249
2093	2190	2198
2190	2191	2199
2191	2192	2200
2192	2193	2201
2193	2194	2202
2194	2195	2203
2195	2196	2204
2196	2197	2205
2197	250	2206
2102	2198	2093
2198	2199	2190
2199	2200	2191
2200	2201	2192
2201	2202	2193
2202	2203	2194
2203	2204	2195
2204	2205	2196
2205	2206	2197
2206	251	250
2102	2198	2207
2198	2199	2208
2199	2200	2209
2200	2201	2210
2201	2202	2211
2202	2203	2212
2203	2204	2213
2204	2205	2214
2205	2206	2215
2206	251	2216
2112	2207	2102
2207	2208	2198
2208	2209	2199
2209	2210	2200
2210	2211	2201
2211	2212	2202
2212	2213	2203
2213	2214	2204
2214	2215	2205
2215	2216	2206
2216	252	251
2112	2207	2217
2207	2208	2218
2208	2209	2219
2209	2210	2220
2210	2211	2221
2211	2212	2222
2212	2213	2223
2213	2214	2224
2214	2215	2225
2215	2216	2226
2216	252	2227
2123	2217	2112
2217	2218	2207
2218	2219	2208
2219	2220	2209
2220	2221	2210
2221	2222	2211
2222	2223	2212
2223	2224	2213
2224	2225	2214
2225	2226	2215
2226	2227	2216
2227	253	252
2123	2217	2228
2217	2218	2229
2218	2219	2230
2219	2220	2231
2220	2221	2232
2221	2222	2233
2222	2223	2234
2223	2224	2235
2224	2225	2236
2225	2226	2237
2226	2227	2238
2227	253	2239
2135	2228	2123
2228	2229	2217
2229	2230	2218
2230	2231	2219
2231	2232	2220
2232	2233	2221
2233	2234	2222
2234	2235	2223
2235	2236	2224
2236	2237	2225
2237	2238	2226
2238	2239	2227
2239	254	253
2135	2228	2240
2228	2229	2241
2229	2230	2242
2230	2231	2243
2231	2232	2244
2232	2233	2245
2233	2234	2246
2234	2235	2247
2235	2236	2248
2236	2237	2249
2237	2238	2250
2238	2239	2251
2239	254	2252
2148	2240	2135
2240	2241	2228
2241	2242	2229
2242	2243	2230
2243	2244	2231
2244	2245	2232
2245	2246	2233
2246	2247	2234
2247	2248	2235
2248	2249	2236
2249	2250	2237
2250	2251	2238
2251	2252	2239
2252	255	254
2148	2240	1186
2240	2241	1172
2241	2242	1159
2242	2243	1147
2243	2244	1136
2244	2245	1126
2245	2246	1117
2246	2247	1109
2247	2248	1102
2248	2249	1096
2249	2250	1091
2250	2251	1087
2251	2252	1084
2252	255	1082
1201	1186	2148
1186	1172	2240
1172	1159	2241
1159	1147	2242
1147	1136	2243
1136	1126	2244
1126	1117	2245
1117	1109	2246
1109	1102	2247
1102	1096	2248
1096	1091	2249
1091	1087	2250
1087	1084	2251
1084	1082	2252
1082	256	255
