0.003030652213388052
0.0038650063294856096
0.0038587265459066877
0.004272226208620111
0.00418757115234536
0.004261105312368674
0.00466921968416667
0.0046129069834606184
0.0046084232095982
0.004652747236888466
0.0050330663257200925
0.005017221022192153
0.005060530651343598
0.00500777741985825
0.005011149923070057
0.0053379815343186365
0.0053741545433427795
0.005477960978779617
0.0054729903812602565
0.005359729129335911
0.005311102120378219
0.0055587016505302955
0.005655722559480658
0.00583000371311071
0.0058867196619196704
0.005820087163981302
0.005636886992983925
0.005527981615864874
0.005674800708031391
0.005836623443121969
0.00608608547401035
0.006215065867504865
0.006210160025784894
0.006071888228032396
0.005814571950468306
0.005641930182629817
0.005674800708031391
0.005899065133257331
0.006221201240027785
0.006426928612057736
0.006494937379217802
0.006417852002192692
0.006204019000781269
0.005875488078570079
0.005641810617577292
0.0055587016505302955
0.005836623443121969
0.006221201240027785
0.00650022112816373
0.0066455397203126765
0.006641421705913864
0.006488323002155294
0.006202777834353412
0.0058134374472613715
0.0055276350050990075
0.005337981534315084
0.005655722559483323
0.00608608547401035
0.006426928612058624
0.0066455397203126765
0.0067188254511623136
0.006638669490430793
0.006413939342139852
0.006068296976102339
0.005634733389886293
0.0053105619709277185
0.0050330663257200925
0.005374154543345
0.005830003713112042
0.006215065867502201
0.00649493737921869
0.006641421705912531
0.006638669490425908
0.006486985742152562
0.006202754219168938
0.005814510986001498
0.005356761038894042
0.0050104639949606344
0.00466921968416667
0.005017221022195706
0.005477960978779617
0.005886719661925444
0.006210160025785338
0.006417852002192248
0.0064883230021575145
0.006413939342137187
0.006202754219168938
0.00587655964800371
0.00546594549642343
0.005004246408473634
0.004651968547376484
0.004272226208620111
0.004612906983456622
0.005060530651341377
0.005472990381257592
0.005820087163980858
0.00607188822803284
0.006204019000776828
0.006202777834355633
0.006068296976104115
0.0058145109860006094
0.00546594549642565
0.005052583107807873
0.004604583952567243
0.004260284048948293
0.0038650063294856096
0.00418757115234536
0.0046084232095990885
0.005007777419857806
0.005359729129332358
0.005636886992983037
0.005814571950466529
0.005875488078570967
0.0058134374472618155
0.0056347333898849605
0.00535676103889049
0.005004246408468749
0.004604583952566799
0.004183647728652318
0.0038579046321451926
0.003030652213388052
0.0038587265459066877
0.004261105312368674
0.004652747236888022
0.0050111499230709455
0.005311102120376887
0.005527981615863098
0.005641930182629817
0.005641810617577736
0.005527635005099452
0.0053105619709272744
0.005010463994959746
0.0046519685473747074
0.004260284048946517
0.0038579046321451926
0.003030652213388052
0.0038587265459066877
0.00418757115234536
0.004261105312368674
0.0046129069834606184
0.0046084232095982
0.004652747236888466
0.005017221022192153
0.005060530651343598
0.00500777741985825
0.005011149923070057
0.0053741545433427795
0.005477960978779617
0.0054729903812602565
0.005359729129335911
0.005311102120378219
0.005655722559480658
0.00583000371311071
0.0058867196619196704
0.005820087163981302
0.005636886992983925
0.005527981615865318
0.005836623443121969
0.00608608547401035
0.006215065867504865
0.006210160025784894
0.006071888228032396
0.005814571950468306
0.005641930182629817
0.005899065133257331
0.006221201240027785
0.006426928612057736
0.006494937379217802
0.006417852002192692
0.006204019000781269
0.005875488078570079
0.005641810617577292
0.005836623443121969
0.006221201240027785
0.00650022112816373
0.0066455397203126765
0.006641421705913864
0.006488323002155294
0.006202777834353412
0.0058134374472613715
0.0055276350050990075
0.005655722559483323
0.00608608547401035
0.006426928612058624
0.0066455397203126765
0.0067188254511623136
0.006638669490430793
0.006413939342139852
0.006068296976102339
0.005634733389886293
0.0053105619709277185
0.005374154543345
0.005830003713112042
0.006215065867502201
0.00649493737921869
0.006641421705912531
0.006638669490425908
0.006486985742152562
0.006202754219168938
0.005814510986001498
0.005356761038894042
0.0050104639949606344
0.005017221022195706
0.005477960978779617
0.005886719661925444
0.006210160025785338
0.006417852002192248
0.0064883230021575145
0.006413939342137187
0.006202754219168938
0.00587655964800371
0.00546594549642343
0.005004246408473634
0.004651968547374263
0.004612906983456622
0.005060530651341377
0.005472990381257592
0.005820087163980858
0.00607188822803284
0.006204019000776828
0.006202777834355633
0.006068296976104115
0.0058145109860006094
0.00546594549642565
0.005052583107807873
0.004604583952567243
0.004260284048946961
0.00418757115234536
0.0046084232095990885
0.005007777419857806
0.005359729129332358
0.005636886992983037
0.005814571950466529
0.005875488078570967
0.0058134374472618155
0.0056347333898849605
0.00535676103889049
0.005004246408468749
0.004604583952566799
0.004183647728652318
0.0038579046321451926
0.0038587265459066877
0.004261105312368674
0.004652747236888022
0.0050111499230709455
0.005311102120376887
0.005527981615863542
0.005641930182629817
0.005641810617577736
0.005527635005099452
0.0053105619709272744
0.005010463994959746
0.004651968547372487
0.004260284048945184
0.0038579046321451926
0.003030652213388052
0.0038579046321438604
0.0038579046321438604
0.004260284048945628
0.004183647728652318
0.004260284048945628
0.004651968547376928
0.004604583952575236
0.0046045839525707954
0.004651968547376928
0.005010463994968184
0.005004246408474966
0.005052583107799435
0.005004246408474966
0.005010463994968184
0.005310561970924166
0.005356761038889157
0.005465945496424762
0.005465945496424762
0.005356761038889157
0.005310561970924166
0.005527635005097675
0.005634733389885405
0.005814510986003274
0.00587655964800593
0.005814510986003274
0.005634733389885405
0.005527635005099896
0.005641810617580401
0.005813437447259151
0.006068296976105003
0.006202754219170714
0.006202754219168494
0.006068296976105003
0.00581343744726226
0.005641810617580401
0.005641930182627153
0.00587548807856475
0.006202777834357409
0.0064139393421345225
0.006486985742156115
0.0064139393421345225
0.006202777834357853
0.0058754880785669705
0.005641930182625821
0.005527981615864874
0.005814571950466529
0.0062040190007786045
0.006488323002155738
0.0066386694904281285
0.0066386694904281285
0.006488323002155738
0.00620401900077816
0.005814571950470526
0.0055279816158662065
0.005311102120375555
0.005636886992986145
0.006071888228027955
0.006417852002194024
0.006641421705909423
0.006718825451159205
0.006641421705909867
0.006417852002193136
0.006071888228028399
0.0056368869929865895
0.005311102120375111
0.005011149923066505
0.005359729129337243
0.005820087163979082
0.006210160025786227
0.006494937379215582
0.0066455397203109
0.006645539720308236
0.00649493737921647
0.0062101600257857825
0.00582008716397997
0.005359729129337243
0.005011149923065172
0.00465274723688891
0.0050077774198591385
0.005472990381258924
0.005886719661925444
0.006215065867504865
0.006426928612057736
0.006500221128166395
0.006426928612057736
0.0062150658675008685
0.005886719661924111
0.005472990381260701
0.005007777419857806
0.004652747236888466
0.0042611053123677856
0.004608423209600421
0.005060530651345818
0.005477960978780949
0.0058300037132292815
0.00608608547401035
0.006221201240028673
0.006221201240028673
0.006086085474009906
0.0058300037132292815
0.005477960978780061
0.00506053065134493
0.004608423209601753
0.00426110531236823
0.0038587265459093523
0.004187571152349356
0.004612906983457954
0.005017221022197038
0.005374154543341447
0.005655722559484211
0.005836623443122413
0.005899065133258219
0.005836623443122413
0.005655722559485099
0.005374154543343668
0.005017221022197482
0.00461290698345751
0.004187571152348912
0.0038587265459093523
0.003030652213387164
0.003865006329487386
0.004272226208617447
0.0046692196841640055
0.005033066325719204
0.00533798153431686
0.005558701650527631
0.005674800708030503
0.005674800708030503
0.005558701650527631
0.005337981534317748
0.005033066325720981
0.004669219684164894
0.004272226208618335
0.003865006329487386
0.003030652213387164
0.004174536054254663
0.004594150551364251
0.004594150551364695
0.0049924209661957875
0.00504020246317749
0.004992420966196676
0.00534354437270812
0.005451447345356186
0.0054514473453521894
0.005343544372708564
0.005620223123272705
0.005797843180160633
0.005859127381024898
0.005797843180156637
0.005620223123272705
0.00579784318015486
0.006049575751422509
0.006182316140655342
0.006182316140658006
0.006049575751424285
0.0057978431801561925
0.005859127381025342
0.0061823161406588945
0.0063906870646675
0.0064627420458265306
0.006390687064669276
0.006182316140656674
0.005859127381030671
0.005797843180159301
0.006182316140655786
0.006462742045826975
0.006610954915363454
0.006610954915364342
0.006462742045827419
0.006182316140657562
0.005797843180158413
0.005620223123272705
0.0060495757514251736
0.006390687064665723
0.00661095491536523
0.00668718551742753
0.0066109549153612335
0.006390687064665723
0.006049575751425618
0.005620223123273593
0.0053435443727107845
0.005797843180159301
0.00618231614065623
0.006462742045822978
0.006610954915359901
0.006610954915360789
0.006462742045826975
0.0061823161406544536
0.005797843180157969
0.0053435443727107845
0.004992420966194455
0.005451447345351745
0.005859127381024898
0.006182316140653121
0.006390687064664391
0.006462742045825642
0.006390687064664391
0.006182316140655342
0.005859127381025786
0.005451447345353522
0.0049924209661913466
0.004594150551362031
0.005040202463175714
0.005451447345356186
0.005797843180163298
0.006049575751421177
0.006182316140655786
0.006182316140656674
0.006049575751422509
0.005797843180158413
0.0054514473453521894
0.0050402024631748255
0.004594150551363807
0.004174536054259104
0.004594150551360698
0.004992420966195343
0.0053435443727107845
0.005620223123273149
0.005797843180158413
0.005859127381029783
0.0057978431801615216
0.0056202231232744815
0.0053435443727058995
0.004992420966194899
0.004594150551366916
0.004174536054254219
0.0038579046321483013
0.004260284048947849
0.0046519685473747074
0.005010463994967296
0.00531056197092461
0.00552763500510034
0.005641810617579068
0.0056419301826253765
0.005527981615867983
0.005311102120376443
0.0050111499230660606
0.004652747236887578
0.004261105312369562
0.0038587265459066877
0.003030652213388052
0.0038579046321438604
0.0038579046321438604
0.004260284048945628
0.004183647728652318
0.004260284048945628
0.004651968547376928
0.004604583952575236
0.0046045839525707954
0.004651968547376928
0.005010463994968184
0.005004246408474966
0.005052583107799435
0.005004246408474966
0.005010463994968184
0.005310561970924166
0.005356761038889157
0.005465945496424762
0.005465945496424762
0.005356761038889157
0.005310561970924166
0.0055276350050990075
0.005634733389885405
0.005814510986003274
0.00587655964800593
0.005814510986003274
0.005634733389885405
0.005527635005098563
0.005641810617580401
0.005813437447259151
0.006068296976105003
0.006202754219170714
0.006202754219168494
0.006068296976105003
0.00581343744726226
0.005641810617580401
0.005641930182625821
0.00587548807856475
0.006202777834357409
0.0064139393421345225
0.006486985742156115
0.0064139393421345225
0.006202777834357853
0.0058754880785669705
0.005641930182627153
0.0055279816158662065
0.005814571950466529
0.0062040190007786045
0.006488323002155738
0.0066386694904281285
0.0066386694904281285
0.006488323002155738
0.00620401900077816
0.005814571950470526
0.005527981615864874
0.005311102120375111
0.005636886992986145
0.006071888228027955
0.006417852002194024
0.006641421705909423
0.006718825451159205
0.006641421705909867
0.006417852002193136
0.006071888228028399
0.0056368869929865895
0.005311102120375555
0.0050111499230656165
0.005359729129337243
0.005820087163979082
0.006210160025786227
0.006494937379215582
0.0066455397203109
0.006645539720308236
0.00649493737921647
0.0062101600257857825
0.00582008716397997
0.005359729129337243
0.0050111499230660606
0.00465274723688891
0.0050077774198591385
0.005472990381258924
0.005886719661925444
0.006215065867504865
0.006426928612057736
0.006500221128166395
0.006426928612057736
0.0062150658675008685
0.005886719661924111
0.005472990381260701
0.005007777419857806
0.004652747236888466
0.00426110531236823
0.004608423209600421
0.005060530651345818
0.005477960978780949
0.0058300037132292815
0.00608608547401035
0.006221201240028673
0.006221201240028673
0.006086085474009906
0.0058300037132292815
0.005477960978780061
0.00506053065134493
0.004608423209601753
0.0042611053123677856
0.0038587265459093523
0.004187571152349356
0.004612906983457954
0.005017221022197038
0.005374154543341447
0.005655722559484211
0.005836623443122413
0.005899065133258219
0.005836623443122413
0.005655722559485099
0.005374154543343668
0.005017221022197482
0.00461290698345751
0.004187571152348912
0.0038587265459093523
0.0038587265459066877
0.004261105312368674
0.004174536054254663
0.004652747236888466
0.004594150551363363
0.004594150551360698
0.005011149923070057
0.004992420966196676
0.00504020246317749
0.0049924209661957875
0.005311102120378219
0.005343544372707232
0.005451447345353078
0.005451447345356186
0.00534354437270812
0.005527981615864874
0.005620223123273149
0.0057978431801615216
0.005859127381027118
0.005797843180158857
0.005620223123274037
0.005641930182629817
0.005797843180158413
0.006049575751424285
0.006182316140655342
0.006182316140655786
0.006049575751421177
0.005797843180158857
0.005641810617577292
0.005859127381029783
0.006182316140657118
0.00639068706466972
0.00646274204582431
0.006390687064666611
0.0061823161406588945
0.005859127381024454
0.0055276350050990075
0.005797843180157525
0.006182316140657562
0.006462742045825198
0.006610954915364786
0.00661095491536301
0.006462742045827419
0.00618231614065623
0.005797843180156637
0.0053105619709277185
0.005620223123274037
0.006049575751420289
0.006390687064668388
0.006610954915360789
0.0066871855174266415
0.006610954915364786
0.006390687064662615
0.006049575751423841
0.00562022312327537
0.0050104639949606344
0.005343544372709452
0.005797843180159745
0.006182316140655342
0.0064627420458265306
0.0066109549153612335
0.0066109549153616776
0.00646274204582431
0.006182316140656674
0.0057978431801610775
0.0053435443727107845
0.004651968547376484
0.004992420966192679
0.0054514473453526335
0.005859127381024898
0.0061823161406544536
0.006390687064666167
0.006462742045826975
0.006390687064670608
0.006182316140655342
0.005859127381027118
0.005451447345350857
0.004992420966192679
0.004260284048948293
0.004594150551360254
0.005040202463173049
0.005451447345353078
0.005797843180158413
0.006049575751422953
0.006182316140656674
0.0061823161406540095
0.006049575751422065
0.005797843180160189
0.005451447345351745
0.0050402024631752695
0.004594150551362919
0.0038579046321451926
0.004174536054254219
0.004594150551360254
0.004992420966195343
0.005343544372706344
0.00562022312327759
0.005797843180163298
0.005859127381029783
0.005797843180157081
0.005620223123272261
0.0053435443727103404
0.00499242096619712
0.0045941505513611425
0.004174536054259104
0.003030652213388052
0.003858726545907132
0.004261105312370006
0.004652747236888022
0.005011149923068725
0.005311102120375999
0.005527981615867539
0.0056419301826253765
0.005641810617578624
0.00552763500510034
0.0053105619709277185
0.005010463994967296
0.0046519685473751515
0.004260284048948293
0.0038579046321483013
0.0038587265459066877
0.004174536054254663
0.004261105312368674
0.004594150551364251
0.004594150551364695
0.004652747236888466
0.0049924209661957875
0.00504020246317749
0.004992420966196676
0.005011149923070057
0.00534354437270812
0.005451447345356186
0.0054514473453521894
0.005343544372708564
0.005311102120378219
0.005620223123272705
0.005797843180160633
0.005859127381024898
0.005797843180156637
0.005620223123272705
0.005527981615865318
0.00579784318015486
0.006049575751422509
0.006182316140655342
0.006182316140658006
0.006049575751424285
0.0057978431801561925
0.005641930182629817
0.005859127381025342
0.0061823161406588945
0.0063906870646675
0.0064627420458265306
0.006390687064669276
0.006182316140656674
0.005859127381030671
0.005641810617577292
0.005797843180159301
0.006182316140655786
0.006462742045826975
0.006610954915363454
0.006610954915364342
0.006462742045827419
0.006182316140657562
0.005797843180158413
0.0055276350050990075
0.005620223123272705
0.0060495757514251736
0.006390687064665723
0.00661095491536523
0.00668718551742753
0.0066109549153612335
0.006390687064665723
0.006049575751425618
0.005620223123273593
0.0053105619709277185
0.0053435443727107845
0.005797843180159301
0.00618231614065623
0.006462742045822978
0.006610954915359901
0.006610954915360789
0.006462742045826975
0.0061823161406544536
0.005797843180157969
0.0053435443727107845
0.0050104639949606344
0.004992420966194455
0.005451447345351745
0.005859127381024898
0.006182316140653121
0.006390687064664391
0.006462742045825642
0.006390687064664391
0.006182316140655342
0.005859127381025786
0.005451447345353522
0.0049924209661913466
0.004651968547374263
0.004594150551362031
0.005040202463175714
0.005451447345356186
0.005797843180163298
0.006049575751421177
0.006182316140655786
0.006182316140656674
0.006049575751422509
0.005797843180158413
0.0054514473453521894
0.0050402024631748255
0.004594150551363807
0.004260284048946961
0.004174536054259104
0.004594150551360698
0.004992420966195343
0.0053435443727107845
0.005620223123273149
0.005797843180158413
0.005859127381029783
0.0057978431801615216
0.0056202231232744815
0.0053435443727058995
0.004992420966194899
0.004594150551366916
0.004174536054254219
0.0038579046321451926
0.0038579046321483013
0.004260284048947849
0.0046519685473747074
0.005010463994967296
0.00531056197092461
0.00552763500510034
0.005641810617579068
0.0056419301826253765
0.005527981615867983
0.005311102120376443
0.0050111499230660606
0.004652747236887578
0.004261105312369562
0.0038587265459066877
0.003030652213388052
0.0038650063294856096
0.004272226208620111
0.00418757115234536
0.00466921968416667
0.0046129069834606184
0.0046084232095982
0.0050330663257200925
0.005017221022192153
0.005060530651343598
0.00500777741985825
0.0053379815343186365
0.0053741545433427795
0.005477960978779617
0.0054729903812602565
0.005359729129335911
0.0055587016505302955
0.005655722559480658
0.00583000371311071
0.0058867196619196704
0.005820087163981302
0.005636886992983925
0.005674800708031391
0.005836623443121969
0.00608608547401035
0.006215065867504865
0.006210160025784894
0.006071888228032396
0.005814571950468306
0.005674800708031391
0.005899065133257331
0.006221201240027785
0.006426928612057736
0.006494937379217802
0.006417852002192692
0.006204019000781269
0.005875488078570079
0.0055587016505302955
0.005836623443121969
0.006221201240027785
0.00650022112816373
0.0066455397203126765
0.006641421705913864
0.006488323002155294
0.006202777834353412
0.0058134374472613715
0.005337981534315084
0.005655722559483323
0.00608608547401035
0.006426928612058624
0.0066455397203126765
0.0067188254511623136
0.006638669490430793
0.006413939342139852
0.006068296976102339
0.005634733389886293
0.0050330663257200925
0.005374154543345
0.005830003713112042
0.006215065867502201
0.00649493737921869
0.006641421705912531
0.006638669490425908
0.006486985742152562
0.006202754219168938
0.005814510986001498
0.005356761038894042
0.00466921968416667
0.005017221022195706
0.005477960978779617
0.005886719661925444
0.006210160025785338
0.006417852002192248
0.0064883230021575145
0.006413939342137187
0.006202754219168938
0.00587655964800371
0.00546594549642343
0.005004246408473634
0.004272226208620111
0.004612906983456622
0.005060530651341377
0.005472990381257592
0.005820087163980858
0.00607188822803284
0.006204019000776828
0.006202777834355633
0.006068296976104115
0.0058145109860006094
0.00546594549642565
0.005052583107807873
0.004604583952567243
0.0038650063294856096
0.00418757115234536
0.0046084232095990885
0.005007777419857806
0.005359729129332358
0.005636886992983037
0.005814571950466529
0.005875488078570967
0.0058134374472618155
0.0056347333898849605
0.00535676103889049
0.005004246408468749
0.004604583952566799
0.004183647728652318
0.003030652213388052
0.0038587265459066877
0.004261105312368674
0.004652747236888022
0.0050111499230709455
0.005311102120376887
0.005527981615863542
0.005641930182629817
0.005641810617577736
0.005527635005099452
0.0053105619709272744
0.005010463994959746
0.004651968547372487
0.004260284048945184
0.0038579046321451926
0.00418757115234536
0.0046129069834606184
0.0046084232095982
0.005017221022192153
0.005060530651343598
0.00500777741985825
0.0053741545433427795
0.005477960978779617
0.0054729903812602565
0.005359729129335911
0.005655722559480658
0.00583000371311071
0.0058867196619196704
0.005820087163981302
0.005636886992983925
0.005836623443121969
0.00608608547401035
0.006215065867504865
0.006210160025784894
0.006071888228032396
0.005814571950468306
0.005899065133257331
0.006221201240027785
0.006426928612057736
0.006494937379217802
0.006417852002192692
0.006204019000781269
0.005875488078570079
0.005836623443121969
0.006221201240027785
0.00650022112816373
0.0066455397203126765
0.006641421705913864
0.006488323002155294
0.006202777834353412
0.0058134374472613715
0.005655722559483323
0.00608608547401035
0.006426928612058624
0.0066455397203126765
0.0067188254511623136
0.006638669490430793
0.006413939342139852
0.006068296976102339
0.005634733389886293
0.005374154543345
0.005830003713112042
0.006215065867502201
0.00649493737921869
0.006641421705912531
0.006638669490425908
0.006486985742152562
0.006202754219168938
0.005814510986001498
0.005356761038894042
0.005017221022195706
0.005477960978779617
0.005886719661925444
0.006210160025785338
0.006417852002192248
0.0064883230021575145
0.006413939342137187
0.006202754219168938
0.00587655964800371
0.00546594549642343
0.005004246408473634
0.004612906983456622
0.005060530651341377
0.005472990381257592
0.005820087163980858
0.00607188822803284
0.006204019000776828
0.006202777834355633
0.006068296976104115
0.0058145109860006094
0.00546594549642565
0.005052583107807873
0.004604583952567243
0.00418757115234536
0.0046084232095990885
0.005007777419857806
0.005359729129332358
0.005636886992983037
0.005814571950466529
0.005875488078570967
0.0058134374472618155
0.0056347333898849605
0.00535676103889049
0.005004246408468749
0.004604583952566799
0.004183647728652318
0.0038587265459066877
0.004261105312368674
0.004652747236888022
0.0050111499230709455
0.005311102120376887
0.005527981615863542
0.005641930182629817
0.005641810617577736
0.005527635005099452
0.0053105619709272744
0.005010463994959746
0.004651968547372487
0.004260284048945184
0.0038579046321451926
0.0038587265459066877
0.003865006329486498
0.004261105312371782
0.004187571152348912
0.004272226208617447
0.004652747236888466
0.004608423209599977
0.004612906983457954
0.0046692196841640055
0.005011149923069169
0.005007777419858694
0.005060530651340933
0.005017221022193485
0.00503306632571876
0.005311102120375999
0.005359729129335911
0.005472990381258924
0.005477960978780505
0.005374154543344112
0.005337981534317748
0.005527981615867539
0.005636886992985701
0.005820087163984855
0.005886719661921891
0.0058300037131151505
0.00565572255947977
0.005558701650527631
0.0056419301826253765
0.005814571950467418
0.006071888228028843
0.006210160025784006
0.006215065867506642
0.006086085474011238
0.005836623443122413
0.005674800708030503
0.005641810617579068
0.005875488078565638
0.006204019000776384
0.006417852002192248
0.006494937379220911
0.00642692861205818
0.006221201240027341
0.005899065133257331
0.005674800708030503
0.005527635005099452
0.005813437447265812
0.006202777834352524
0.006488323002155738
0.006641421705913864
0.006645539720310012
0.006500221128164618
0.006221201240027341
0.005836623443122413
0.005558701650527631
0.00531056197092683
0.005634733389883184
0.006068296976103227
0.006413939342138075
0.006638669490429461
0.006718825451162758
0.006645539720309568
0.00642692861205818
0.006086085474009462
0.005655722559484211
0.0053379815343181924
0.005010463994966852
0.005356761038891822
0.005814510986001942
0.006202754219169382
0.006486985742152118
0.006638669490431237
0.0066414217059134195
0.006494937379219579
0.0062150658675008685
0.005830003713227061
0.005374154543344112
0.005033066325720981
0.004651968547374263
0.005004246408471413
0.0054659454964212095
0.005876559648004598
0.006202754219166273
0.0064139393421389634
0.0064883230021579585
0.006417852002194913
0.00621016002578445
0.005886719661923667
0.005477960978780061
0.005017221022196594
0.004669219684164894
0.0042602840489460725
0.004604583952568131
0.0050525831078047645
0.005465945496424762
0.005814510986004162
0.006068296976105891
0.006202777834358297
0.006204019000776828
0.006071888228030176
0.005820087163986187
0.005472990381259812
0.005060530651341377
0.004612906983457954
0.004272226208618335
0.0038579046321483013
0.004183647728652318
0.004604583952569019
0.005004246408471413
0.005356761038890934
0.005634733389885405
0.0058134374472618155
0.005875488078565638
0.005814571950466085
0.005636886992987922
0.005359729129339019
0.005007777419856918
0.0046084232095995326
0.004187571152349356
0.003865006329486498
0.003030652213387164
0.0038579046321483013
0.004260284048947405
0.0046519685473747074
0.005010463994968628
0.00531056197092461
0.005527635005100784
0.005641810617580845
0.005641930182624932
0.005527981615867095
0.005311102120375555
0.005011149923066505
0.004652747236887578
0.004261105312369562
0.003858726545907576
0.0038579046321438604
0.004260284048945628
0.004174536054254663
0.004651968547376928
0.004594150551364251
0.004594150551364695
0.005010463994968184
0.0049924209661957875
0.00504020246317749
0.004992420966196676
0.005310561970924166
0.00534354437270812
0.005451447345356186
0.0054514473453521894
0.005343544372708564
0.0055276350050990075
0.005620223123272705
0.005797843180160633
0.005859127381024898
0.005797843180156637
0.005620223123272705
0.005641810617580401
0.00579784318015486
0.006049575751422509
0.006182316140655342
0.006182316140658006
0.006049575751424285
0.0057978431801561925
0.005641930182625821
0.005859127381025342
0.0061823161406588945
0.0063906870646675
0.0064627420458265306
0.006390687064669276
0.006182316140656674
0.005859127381030671
0.0055279816158662065
0.005797843180159301
0.006182316140655786
0.006462742045826975
0.006610954915363454
0.006610954915364342
0.006462742045827419
0.006182316140657562
0.005797843180158413
0.005311102120375111
0.005620223123272705
0.0060495757514251736
0.006390687064665723
0.00661095491536523
0.00668718551742753
0.0066109549153612335
0.006390687064665723
0.006049575751425618
0.005620223123273593
0.0050111499230656165
0.0053435443727107845
0.005797843180159301
0.00618231614065623
0.006462742045822978
0.006610954915359901
0.006610954915360789
0.006462742045826975
0.0061823161406544536
0.005797843180157969
0.0053435443727107845
0.00465274723688891
0.004992420966194455
0.005451447345351745
0.005859127381024898
0.006182316140653121
0.006390687064664391
0.006462742045825642
0.006390687064664391
0.006182316140655342
0.005859127381025786
0.005451447345353522
0.0049924209661913466
0.00426110531236823
0.004594150551362031
0.005040202463175714
0.005451447345356186
0.005797843180163298
0.006049575751421177
0.006182316140655786
0.006182316140656674
0.006049575751422509
0.005797843180158413
0.0054514473453521894
0.0050402024631748255
0.004594150551363807
0.0038587265459093523
0.004174536054259104
0.004594150551360698
0.004992420966195343
0.0053435443727107845
0.005620223123273149
0.005797843180158413
0.005859127381029783
0.0057978431801615216
0.0056202231232744815
0.0053435443727058995
0.004992420966194899
0.004594150551366916
0.004174536054254219
0.0038579046321438604
0.004183647728652318
0.004260284048945628
0.004604583952575236
0.0046045839525707954
0.004651968547376928
0.005004246408474966
0.005052583107799435
0.005004246408474966
0.005010463994968184
0.005356761038889157
0.005465945496424762
0.005465945496424762
0.005356761038889157
0.005310561970924166
0.005634733389885405
0.005814510986003274
0.00587655964800593
0.005814510986003274
0.005634733389885405
0.005527635005099896
0.005813437447259151
0.006068296976105003
0.006202754219170714
0.006202754219168494
0.006068296976105003
0.00581343744726226
0.005641810617580401
0.00587548807856475
0.006202777834357409
0.0064139393421345225
0.006486985742156115
0.0064139393421345225
0.006202777834357853
0.0058754880785669705
0.005641930182625821
0.005814571950466529
0.0062040190007786045
0.006488323002155738
0.0066386694904281285
0.0066386694904281285
0.006488323002155738
0.00620401900077816
0.005814571950470526
0.0055279816158662065
0.005636886992986145
0.006071888228027955
0.006417852002194024
0.006641421705909423
0.006718825451159205
0.006641421705909867
0.006417852002193136
0.006071888228028399
0.0056368869929865895
0.005311102120375111
0.005359729129337243
0.005820087163979082
0.006210160025786227
0.006494937379215582
0.0066455397203109
0.006645539720308236
0.00649493737921647
0.0062101600257857825
0.00582008716397997
0.005359729129337243
0.005011149923065172
0.0050077774198591385
0.005472990381258924
0.005886719661925444
0.006215065867504865
0.006426928612057736
0.006500221128166395
0.006426928612057736
0.0062150658675008685
0.005886719661924111
0.005472990381260701
0.005007777419857806
0.004652747236888466
0.004608423209600421
0.005060530651345818
0.005477960978780949
0.0058300037132292815
0.00608608547401035
0.006221201240028673
0.006221201240028673
0.006086085474009906
0.0058300037132292815
0.005477960978780061
0.00506053065134493
0.004608423209601753
0.00426110531236823
0.004187571152349356
0.004612906983457954
0.005017221022197038
0.005374154543341447
0.005655722559484211
0.005836623443122413
0.005899065133258219
0.005836623443122413
0.005655722559485099
0.005374154543343668
0.005017221022197482
0.00461290698345751
0.004187571152348912
0.0038587265459093523
0.003865006329487386
0.004272226208617447
0.0046692196841640055
0.005033066325719204
0.00533798153431686
0.005558701650527631
0.005674800708030503
0.005674800708030503
0.005558701650527631
0.005337981534317748
0.005033066325720981
0.004669219684164894
0.004272226208618335
0.003865006329487386
0.003030652213387164
0.004174536054254663
0.004594150551364251
0.004594150551364695
0.0049924209661957875
0.00504020246317749
0.004992420966196676
0.00534354437270812
0.005451447345356186
0.0054514473453521894
0.005343544372708564
0.005620223123272705
0.005797843180160633
0.005859127381024898
0.005797843180156637
0.005620223123272705
0.00579784318015486
0.006049575751422509
0.006182316140655342
0.006182316140658006
0.006049575751424285
0.0057978431801561925
0.005859127381025342
0.0061823161406588945
0.0063906870646675
0.0064627420458265306
0.006390687064669276
0.006182316140656674
0.005859127381030671
0.005797843180159301
0.006182316140655786
0.006462742045826975
0.006610954915363454
0.006610954915364342
0.006462742045827419
0.006182316140657562
0.005797843180158413
0.005620223123272705
0.0060495757514251736
0.006390687064665723
0.00661095491536523
0.00668718551742753
0.0066109549153612335
0.006390687064665723
0.006049575751425618
0.005620223123273593
0.0053435443727107845
0.005797843180159301
0.00618231614065623
0.006462742045822978
0.006610954915359901
0.006610954915360789
0.006462742045826975
0.0061823161406544536
0.005797843180157969
0.0053435443727107845
0.004992420966194455
0.005451447345351745
0.005859127381024898
0.006182316140653121
0.006390687064664391
0.006462742045825642
0.006390687064664391
0.006182316140655342
0.005859127381025786
0.005451447345353522
0.0049924209661913466
0.004594150551362031
0.005040202463175714
0.005451447345356186
0.005797843180163298
0.006049575751421177
0.006182316140655786
0.006182316140656674
0.006049575751422509
0.005797843180158413
0.0054514473453521894
0.0050402024631748255
0.004594150551363807
0.004174536054259104
0.004594150551360698
0.004992420966195343
0.0053435443727107845
0.005620223123273149
0.005797843180158413
0.005859127381029783
0.0057978431801615216
0.0056202231232744815
0.0053435443727058995
0.004992420966194899
0.004594150551366916
0.004174536054254219
0.0038579046321483013
0.004260284048947849
0.0046519685473747074
0.005010463994967296
0.00531056197092461
0.00552763500510034
0.005641810617579068
0.0056419301826253765
0.005527981615867983
0.005311102120376443
0.0050111499230660606
0.004652747236887578
0.004261105312369562
0.0038587265459066877
0.0038579046321483013
0.004183647728652318
0.004260284048948293
0.004604583952573016
0.004604583952570351
0.0046519685473747074
0.005004246408469193
0.005052583107802544
0.005004246408469637
0.005010463994967296
0.005356761038888713
0.00546594549642343
0.00546594549642343
0.005356761038888713
0.0053105619709228336
0.005634733389886737
0.0058145109860006094
0.005876559648006818
0.0058145109860006094
0.005634733389886737
0.00552763500510034
0.005813437447259595
0.006068296976103671
0.006202754219168938
0.00620275421916805
0.0060682969761018946
0.005813437447260927
0.005641810617578624
0.00587548807856475
0.006202777834357853
0.0064139393421345225
0.006486985742156115
0.0064139393421345225
0.006202777834356965
0.0058754880785669705
0.0056419301826253765
0.005814571950464753
0.006204019000776384
0.00648832300215707
0.006638669490426352
0.006638669490426352
0.006488323002156626
0.00620401900077594
0.005814571950467418
0.005527981615867983
0.005636886992987478
0.006071888228028843
0.006417852002194913
0.006641421705909423
0.006718825451159205
0.006641421705909423
0.00641785200219358
0.006071888228028843
0.005636886992987922
0.005311102120376443
0.005359729129337243
0.00582008716397997
0.00621016002578445
0.00649493737921647
0.0066455397203109
0.006645539720308236
0.006494937379216914
0.00621016002578445
0.00582008716397997
0.005359729129337243
0.0050111499230656165
0.00500777741985603
0.00547299038125848
0.005886719661923223
0.006215065867504865
0.006426928612058624
0.006500221128166395
0.006426928612057736
0.0062150658675008685
0.005886719661922335
0.0054729903812602565
0.00500777741985603
0.004652747236887578
0.004608423209599977
0.005060530651341821
0.005477960978781393
0.005830003713228393
0.00608608547401035
0.006221201240028673
0.006221201240028673
0.00608608547401035
0.005830003713228393
0.005477960978780061
0.005060530651340933
0.0046084232095995326
0.004261105312369118
0.004187571152348468
0.004612906983457954
0.005017221022197482
0.0053741545433423354
0.005655722559484211
0.005836623443122413
0.005899065133258219
0.005836623443122413
0.005655722559485099
0.005374154543343668
0.005017221022197926
0.004612906983457954
0.004187571152348912
0.003858726545907132
0.003865006329487386
0.0042722262086165586
0.0046692196841640055
0.005033066325719204
0.00533798153431686
0.005558701650527631
0.005674800708030503
0.005674800708030503
0.005558701650527631
0.005337981534317748
0.005033066325720981
0.004669219684164894
0.004272226208618335
0.003865006329487386
0.0038579046321483013
0.004183647728652318
0.004260284048948293
0.004604583952573016
0.004604583952570351
0.0046519685473747074
0.005004246408469193
0.005052583107802544
0.005004246408469637
0.005010463994967296
0.005356761038888713
0.00546594549642343
0.00546594549642343
0.005356761038888713
0.0053105619709228336
0.005634733389886737
0.0058145109860006094
0.005876559648006818
0.0058145109860006094
0.005634733389886737
0.00552763500510034
0.005813437447259595
0.006068296976103671
0.006202754219168938
0.00620275421916805
0.0060682969761018946
0.005813437447260927
0.005641810617578624
0.00587548807856475
0.006202777834357853
0.0064139393421345225
0.006486985742156115
0.0064139393421345225
0.006202777834356965
0.0058754880785669705
0.0056419301826253765
0.005814571950464753
0.006204019000776384
0.00648832300215707
0.006638669490426352
0.006638669490426352
0.006488323002156626
0.00620401900077594
0.005814571950467418
0.005527981615867983
0.005636886992987478
0.006071888228028843
0.006417852002194913
0.006641421705909423
0.006718825451159205
0.006641421705909423
0.00641785200219358
0.006071888228028843
0.005636886992987922
0.005311102120376443
0.005359729129337243
0.00582008716397997
0.00621016002578445
0.00649493737921647
0.0066455397203109
0.006645539720308236
0.006494937379216914
0.00621016002578445
0.00582008716397997
0.005359729129337243
0.0050111499230656165
0.00500777741985603
0.00547299038125848
0.005886719661923223
0.006215065867504865
0.006426928612058624
0.006500221128166395
0.006426928612057736
0.0062150658675008685
0.005886719661922335
0.0054729903812602565
0.00500777741985603
0.004652747236887578
0.004608423209599977
0.005060530651341821
0.005477960978781393
0.005830003713228393
0.00608608547401035
0.006221201240028673
0.006221201240028673
0.00608608547401035
0.005830003713228393
0.005477960978780061
0.005060530651340933
0.0046084232095995326
0.004261105312369118
0.004187571152348468
0.004612906983457954
0.005017221022197482
0.0053741545433423354
0.005655722559484211
0.005836623443122413
0.005899065133258219
0.005836623443122413
0.005655722559485099
0.005374154543343668
0.005017221022197926
0.004612906983457954
0.004187571152348912
0.003858726545907132
0.004174536054254663
0.004594150551363363
0.004594150551360698
0.004992420966196676
0.00504020246317749
0.0049924209661957875
0.005343544372707232
0.005451447345353078
0.005451447345356186
0.00534354437270812
0.005620223123273149
0.0057978431801615216
0.005859127381027118
0.005797843180158857
0.005620223123274037
0.005797843180158413
0.006049575751424285
0.006182316140655342
0.006182316140655786
0.006049575751421177
0.005797843180158857
0.005859127381029783
0.006182316140657118
0.00639068706466972
0.00646274204582431
0.006390687064666611
0.0061823161406588945
0.005859127381024454
0.005797843180157525
0.006182316140657562
0.006462742045825198
0.006610954915364786
0.00661095491536301
0.006462742045827419
0.00618231614065623
0.005797843180156637
0.005620223123274037
0.006049575751420289
0.006390687064668388
0.006610954915360789
0.0066871855174266415
0.006610954915364786
0.006390687064662615
0.006049575751423841
0.00562022312327537
0.005343544372709452
0.005797843180159745
0.006182316140655342
0.0064627420458265306
0.0066109549153612335
0.0066109549153616776
0.00646274204582431
0.006182316140656674
0.0057978431801610775
0.0053435443727107845
0.004992420966192679
0.0054514473453526335
0.005859127381024898
0.0061823161406544536
0.006390687064666167
0.006462742045826975
0.006390687064670608
0.006182316140655342
0.005859127381027118
0.005451447345350857
0.004992420966192679
0.004594150551360254
0.005040202463173049
0.005451447345353078
0.005797843180158413
0.006049575751422953
0.006182316140656674
0.0061823161406540095
0.006049575751422065
0.005797843180160189
0.005451447345351745
0.0050402024631752695
0.004594150551362919
0.004174536054254219
0.004594150551360254
0.004992420966195343
0.0053435443727058995
0.00562022312327759
0.005797843180163298
0.005859127381029783
0.005797843180157081
0.005620223123272261
0.0053435443727103404
0.00499242096619712
0.0045941505513611425
0.004174536054259104
0.004183647728652318
0.004604583952573016
0.004604583952570351
0.005004246408469193
0.005052583107802544
0.005004246408470969
0.005356761038888713
0.00546594549642343
0.00546594549642343
0.005356761039017499
0.005634733389886737
0.0058145109860006094
0.005876559648006818
0.0058145109860006094
0.005634733389886737
0.005813437447259595
0.006068296976103671
0.006202754219168938
0.00620275421916805
0.0060682969761018946
0.005813437447260927
0.00587548807856475
0.006202777834357853
0.0064139393421345225
0.006486985742156115
0.0064139393421345225
0.006202777834356965
0.0058754880785669705
0.005814571950464753
0.006204019000776384
0.00648832300215707
0.006638669490426352
0.006638669490426352
0.006488323002156626
0.00620401900077594
0.005814571950467418
0.005636886992987478
0.006071888228028843
0.006417852002194913
0.006641421705909423
0.006718825451159205
0.006641421705909423
0.00641785200219358
0.006071888228028843
0.005636886992986145
0.005359729129337243
0.00582008716397997
0.00621016002578445
0.00649493737921647
0.0066455397203109
0.006645539720308236
0.006494937379216914
0.00621016002578445
0.00582008716397997
0.005359729129336799
0.00500777741985603
0.00547299038125848
0.005886719661923223
0.006215065867504865
0.006426928612058624
0.006500221128166395
0.006426928612057736
0.0062150658675008685
0.005886719661922335
0.0054729903812602565
0.00500777741985603
0.004608423209599977
0.005060530651341821
0.005477960978781393
0.005830003713228393
0.00608608547401035
0.006221201240028673
0.006221201240028673
0.00608608547401035
0.005830003713228393
0.005477960978780061
0.005060530651340933
0.0046084232095995326
0.004187571152348468
0.004612906983457954
0.005017221022197482
0.0053741545433423354
0.005655722559484211
0.005836623443122413
0.005899065133258219
0.005836623443122413
0.005655722559485099
0.005374154543343668
0.005017221022197926
0.004612906983457954
0.004187571152348912
0.0038579046321438604
0.004174536054254663
0.004260284048945628
0.004594150551363363
0.004594150551360698
0.004651968547376928
0.004992420966196676
0.00504020246317749
0.0049924209661957875
0.005010463994968184
0.005343544372707232
0.005451447345353078
0.005451447345356186
0.00534354437270812
0.005310561970924166
0.005620223123273149
0.0057978431801615216
0.005859127381027118
0.005797843180158857
0.005620223123274037
0.005527635005098563
0.005797843180158413
0.006049575751424285
0.006182316140655342
0.006182316140655786
0.006049575751421177
0.005797843180158857
0.005641810617580401
0.005859127381029783
0.006182316140657118
0.00639068706466972
0.00646274204582431
0.006390687064666611
0.0061823161406588945
0.005859127381024454
0.005641930182627153
0.005797843180157525
0.006182316140657562
0.006462742045825198
0.006610954915364786
0.00661095491536301
0.006462742045827419
0.00618231614065623
0.005797843180156637
0.005527981615864874
0.005620223123274037
0.006049575751420289
0.006390687064668388
0.006610954915360789
0.0066871855174266415
0.006610954915364786
0.006390687064662615
0.006049575751423841
0.00562022312327537
0.005311102120375555
0.005343544372709452
0.005797843180159745
0.006182316140655342
0.0064627420458265306
0.0066109549153612335
0.0066109549153616776
0.00646274204582431
0.006182316140656674
0.0057978431801610775
0.0053435443727107845
0.0050111499230660606
0.004992420966192679
0.0054514473453526335
0.005859127381024898
0.0061823161406544536
0.006390687064666167
0.006462742045826975
0.006390687064670608
0.006182316140655342
0.005859127381027118
0.005451447345350857
0.004992420966192679
0.004652747236888466
0.004594150551360254
0.005040202463173049
0.005451447345353078
0.005797843180158413
0.006049575751422953
0.006182316140656674
0.0061823161406540095
0.006049575751422065
0.005797843180160189
0.005451447345351745
0.0050402024631752695
0.004594150551362919
0.0042611053123677856
0.004174536054254219
0.004594150551360254
0.004992420966195343
0.0053435443727058995
0.00562022312327759
0.005797843180163298
0.005859127381029783
0.005797843180157081
0.005620223123272261
0.0053435443727103404
0.00499242096619712
0.0045941505513611425
0.004174536054259104
0.0038587265459093523
0.0038579046321438604
0.004260284048945628
0.004183647728652318
0.004651968547376928
0.004604583952575236
0.0046045839525707954
0.005010463994968184
0.005004246408474966
0.005052583107799435
0.005004246408474966
0.005310561970924166
0.005356761038889157
0.005465945496424762
0.005465945496424762
0.005356761038889157
0.0055276350050990075
0.005634733389885405
0.005814510986003274
0.00587655964800593
0.005814510986003274
0.005634733389885405
0.005641810617580401
0.005813437447259151
0.006068296976105003
0.006202754219170714
0.006202754219168494
0.006068296976105003
0.00581343744726226
0.005641930182625821
0.00587548807856475
0.006202777834357409
0.0064139393421345225
0.006486985742156115
0.0064139393421345225
0.006202777834357853
0.0058754880785669705
0.0055279816158662065
0.005814571950466529
0.0062040190007786045
0.006488323002155738
0.0066386694904281285
0.0066386694904281285
0.006488323002155738
0.00620401900077816
0.005814571950470526
0.005311102120375111
0.005636886992986145
0.006071888228027955
0.006417852002194024
0.006641421705909423
0.006718825451159205
0.006641421705909867
0.006417852002193136
0.006071888228028399
0.0056368869929865895
0.0050111499230656165
0.005359729129337243
0.005820087163979082
0.006210160025786227
0.006494937379215582
0.0066455397203109
0.006645539720308236
0.00649493737921647
0.0062101600257857825
0.00582008716397997
0.005359729129337243
0.00465274723688891
0.0050077774198591385
0.005472990381258924
0.005886719661925444
0.006215065867504865
0.006426928612057736
0.006500221128166395
0.006426928612057736
0.0062150658675008685
0.005886719661924111
0.005472990381260701
0.005007777419857806
0.00426110531236823
0.004608423209600421
0.005060530651345818
0.005477960978780949
0.0058300037132292815
0.00608608547401035
0.006221201240028673
0.006221201240028673
0.006086085474009906
0.0058300037132292815
0.005477960978780061
0.00506053065134493
0.004608423209601753
0.0038587265459093523
0.004187571152349356
0.004612906983457954
0.005017221022197038
0.005374154543341447
0.005655722559484211
0.005836623443122413
0.005899065133258219
0.005836623443122413
0.005655722559485099
0.005374154543343668
0.005017221022197482
0.00461290698345751
0.004187571152348912
0.004174536054254663
0.004594150551364251
0.004594150551364695
0.0049924209661957875
0.00504020246317749
0.004992420966196676
0.00534354437270812
0.005451447345356186
0.0054514473453521894
0.005343544372708564
0.005620223123272705
0.005797843180160633
0.005859127381024898
0.005797843180156637
0.005620223123272705
0.00579784318015486
0.006049575751422509
0.006182316140655342
0.006182316140658006
0.006049575751424285
0.0057978431801561925
0.005859127381025342
0.0061823161406588945
0.0063906870646675
0.0064627420458265306
0.006390687064669276
0.006182316140656674
0.005859127381030671
0.005797843180159301
0.006182316140655786
0.006462742045826975
0.006610954915363454
0.006610954915364342
0.006462742045827419
0.006182316140657562
0.005797843180158413
0.005620223123272705
0.0060495757514251736
0.006390687064665723
0.00661095491536523
0.00668718551742753
0.0066109549153612335
0.006390687064665723
0.006049575751425618
0.005620223123273593
0.0053435443727107845
0.005797843180159301
0.00618231614065623
0.006462742045822978
0.006610954915359901
0.006610954915360789
0.006462742045826975
0.0061823161406544536
0.005797843180157969
0.0053435443727107845
0.004992420966194455
0.005451447345351745
0.005859127381024898
0.006182316140653121
0.006390687064664391
0.006462742045825642
0.006390687064664391
0.006182316140655342
0.005859127381025786
0.005451447345353522
0.0049924209661913466
0.004594150551362031
0.005040202463175714
0.005451447345356186
0.005797843180163298
0.006049575751421177
0.006182316140655786
0.006182316140656674
0.006049575751422509
0.005797843180158413
0.0054514473453521894
0.0050402024631748255
0.004594150551363807
0.004174536054259104
0.004594150551360698
0.004992420966195343
0.005343544372709896
0.005620223123272705
0.005797843180158413
0.005859127381029783
0.0057978431801615216
0.0056202231232744815
0.005343544372706344
0.004992420966194899
0.004594150551365139
0.004174536054254219
